,time,LFP,area,dc_amplitude,N_repeat,run_pre_duration,dc_pulse_duration,run_post_duration,recover_time_min,recover_time_jitter_max,weights,mask_radius,kernel
0,2510.0,-0.39071655,Vp,15.0,20,750.0,20.0,1500.0,1500,1500.0,1.0,40.0,0.25
1,2520.0,-0.21853256,Vp,15.0,20,750.0,20.0,1500.0,1500,1500.0,1.0,40.0,0.25
2,2530.0,-0.42056274,Vp,15.0,20,750.0,20.0,1500.0,1500,1500.0,1.0,40.0,0.25
3,2540.0,-0.36184692,Vp,15.0,20,750.0,20.0,1500.0,1500,1500.0,1.0,40.0,0.25
4,2550.0,-0.328434,Vp,15.0,20,750.0,20.0,1500.0,1500,1500.0,1.0,40.0,0.25
5,2560.0,-0.49699402,Vp,15.0,20,750.0,20.0,1500.0,1500,1500.0,1.0,40.0,0.25
6,2570.0,-0.49058533,Vp,15.0,20,750.0,20.0,1500.0,1500,1500.0,1.0,40.0,0.25
7,2580.0,-0.115722656,Vp,15.0,20,750.0,20.0,1500.0,1500,1500.0,1.0,40.0,0.25
8,2590.0,-0.22026443,Vp,15.0,20,750.0,20.0,1500.0,1500,1500.0,1.0,40.0,0.25
9,2600.0,-0.5355644,Vp,15.0,20,750.0,20.0,1500.0,1500,1500.0,1.0,40.0,0.25
10,2610.0,-0.5904083,Vp,15.0,20,750.0,20.0,1500.0,1500,1500.0,1.0,40.0,0.25
11,2620.0,-0.38336182,Vp,15.0,20,750.0,20.0,1500.0,1500,1500.0,1.0,40.0,0.25
12,2630.0,-0.32364655,Vp,15.0,20,750.0,20.0,1500.0,1500,1500.0,1.0,40.0,0.25
13,2640.0,-0.37812424,Vp,15.0,20,750.0,20.0,1500.0,1500,1500.0,1.0,40.0,0.25
14,2650.0,-0.37137985,Vp,15.0,20,750.0,20.0,1500.0,1500,1500.0,1.0,40.0,0.25
15,2660.0,-0.42612076,Vp,15.0,20,750.0,20.0,1500.0,1500,1500.0,1.0,40.0,0.25
16,2670.0,-0.47006607,Vp,15.0,20,750.0,20.0,1500.0,1500,1500.0,1.0,40.0,0.25
17,2680.0,-0.3462906,Vp,15.0,20,750.0,20.0,1500.0,1500,1500.0,1.0,40.0,0.25
18,2690.0,-0.31728363,Vp,15.0,20,750.0,20.0,1500.0,1500,1500.0,1.0,40.0,0.25
19,2700.0,-0.33153152,Vp,15.0,20,750.0,20.0,1500.0,1500,1500.0,1.0,40.0,0.25
20,2710.0,-0.45371628,Vp,15.0,20,750.0,20.0,1500.0,1500,1500.0,1.0,40.0,0.25
21,2720.0,-0.47932434,Vp,15.0,20,750.0,20.0,1500.0,1500,1500.0,1.0,40.0,0.25
22,2730.0,-0.5568199,Vp,15.0,20,750.0,20.0,1500.0,1500,1500.0,1.0,40.0,0.25
23,2740.0,-0.5454254,Vp,15.0,20,750.0,20.0,1500.0,1500,1500.0,1.0,40.0,0.25
24,2750.0,-0.3563881,Vp,15.0,20,750.0,20.0,1500.0,1500,1500.0,1.0,40.0,0.25
25,2760.0,-0.2691002,Vp,15.0,20,750.0,20.0,1500.0,1500,1500.0,1.0,40.0,0.25
26,2770.0,-0.1900444,Vp,15.0,20,750.0,20.0,1500.0,1500,1500.0,1.0,40.0,0.25
27,2780.0,-0.23397064,Vp,15.0,20,750.0,20.0,1500.0,1500,1500.0,1.0,40.0,0.25
28,2790.0,-0.5113754,Vp,15.0,20,750.0,20.0,1500.0,1500,1500.0,1.0,40.0,0.25
29,2800.0,-0.3197899,Vp,15.0,20,750.0,20.0,1500.0,1500,1500.0,1.0,40.0,0.25
30,2810.0,-0.31059265,Vp,15.0,20,750.0,20.0,1500.0,1500,1500.0,1.0,40.0,0.25
31,2820.0,-0.46471024,Vp,15.0,20,750.0,20.0,1500.0,1500,1500.0,1.0,40.0,0.25
32,2830.0,-0.48695755,Vp,15.0,20,750.0,20.0,1500.0,1500,1500.0,1.0,40.0,0.25
33,2840.0,-0.41659546,Vp,15.0,20,750.0,20.0,1500.0,1500,1500.0,1.0,40.0,0.25
34,2850.0,-0.066978455,Vp,15.0,20,750.0,20.0,1500.0,1500,1500.0,1.0,40.0,0.25
35,2860.0,-0.33319473,Vp,15.0,20,750.0,20.0,1500.0,1500,1500.0,1.0,40.0,0.25
36,2870.0,-0.71437454,Vp,15.0,20,750.0,20.0,1500.0,1500,1500.0,1.0,40.0,0.25
37,2880.0,-0.19521332,Vp,15.0,20,750.0,20.0,1500.0,1500,1500.0,1.0,40.0,0.25
38,2890.0,-0.04654312,Vp,15.0,20,750.0,20.0,1500.0,1500,1500.0,1.0,40.0,0.25
39,2900.0,-0.40357208,Vp,15.0,20,750.0,20.0,1500.0,1500,1500.0,1.0,40.0,0.25
40,2910.0,-0.5359802,Vp,15.0,20,750.0,20.0,1500.0,1500,1500.0,1.0,40.0,0.25
41,2920.0,-0.42242432,Vp,15.0,20,750.0,20.0,1500.0,1500,1500.0,1.0,40.0,0.25
42,2930.0,-0.29963684,Vp,15.0,20,750.0,20.0,1500.0,1500,1500.0,1.0,40.0,0.25
43,2940.0,-0.23968124,Vp,15.0,20,750.0,20.0,1500.0,1500,1500.0,1.0,40.0,0.25
44,2950.0,-0.4807663,Vp,15.0,20,750.0,20.0,1500.0,1500,1500.0,1.0,40.0,0.25
45,2960.0,-0.36154175,Vp,15.0,20,750.0,20.0,1500.0,1500,1500.0,1.0,40.0,0.25
46,2970.0,-0.303936,Vp,15.0,20,750.0,20.0,1500.0,1500,1500.0,1.0,40.0,0.25
47,2980.0,-0.5659485,Vp,15.0,20,750.0,20.0,1500.0,1500,1500.0,1.0,40.0,0.25
48,2990.0,-0.41961288,Vp,15.0,20,750.0,20.0,1500.0,1500,1500.0,1.0,40.0,0.25
49,3000.0,-0.35920715,Vp,15.0,20,750.0,20.0,1500.0,1500,1500.0,1.0,40.0,0.25
50,3010.0,-0.6037407,Vp,15.0,20,750.0,20.0,1500.0,1500,1500.0,1.0,40.0,0.25
51,3020.0,-0.40820694,Vp,15.0,20,750.0,20.0,1500.0,1500,1500.0,1.0,40.0,0.25
52,3030.0,-0.17508316,Vp,15.0,20,750.0,20.0,1500.0,1500,1500.0,1.0,40.0,0.25
53,3040.0,-0.1252861,Vp,15.0,20,750.0,20.0,1500.0,1500,1500.0,1.0,40.0,0.25
54,3050.0,-0.49718857,Vp,15.0,20,750.0,20.0,1500.0,1500,1500.0,1.0,40.0,0.25
55,3060.0,-0.50154114,Vp,15.0,20,750.0,20.0,1500.0,1500,1500.0,1.0,40.0,0.25
56,3070.0,-0.010871887,Vp,15.0,20,750.0,20.0,1500.0,1500,1500.0,1.0,40.0,0.25
57,3080.0,-0.1934166,Vp,15.0,20,750.0,20.0,1500.0,1500,1500.0,1.0,40.0,0.25
58,3090.0,-0.5446701,Vp,15.0,20,750.0,20.0,1500.0,1500,1500.0,1.0,40.0,0.25
59,3100.0,-0.33992004,Vp,15.0,20,750.0,20.0,1500.0,1500,1500.0,1.0,40.0,0.25
60,3110.0,-0.33281708,Vp,15.0,20,750.0,20.0,1500.0,1500,1500.0,1.0,40.0,0.25
61,3120.0,-0.38134766,Vp,15.0,20,750.0,20.0,1500.0,1500,1500.0,1.0,40.0,0.25
62,3130.0,-0.3032074,Vp,15.0,20,750.0,20.0,1500.0,1500,1500.0,1.0,40.0,0.25
63,3140.0,-0.3795128,Vp,15.0,20,750.0,20.0,1500.0,1500,1500.0,1.0,40.0,0.25
64,3150.0,-0.39813232,Vp,15.0,20,750.0,20.0,1500.0,1500,1500.0,1.0,40.0,0.25
65,3160.0,-0.43055725,Vp,15.0,20,750.0,20.0,1500.0,1500,1500.0,1.0,40.0,0.25
66,3170.0,-0.2860756,Vp,15.0,20,750.0,20.0,1500.0,1500,1500.0,1.0,40.0,0.25
67,3180.0,-0.26804352,Vp,15.0,20,750.0,20.0,1500.0,1500,1500.0,1.0,40.0,0.25
68,3190.0,-0.6253662,Vp,15.0,20,750.0,20.0,1500.0,1500,1500.0,1.0,40.0,0.25
69,3200.0,-0.23134613,Vp,15.0,20,750.0,20.0,1500.0,1500,1500.0,1.0,40.0,0.25
70,3210.0,-0.04675293,Vp,15.0,20,750.0,20.0,1500.0,1500,1500.0,1.0,40.0,0.25
71,3220.0,-0.4093361,Vp,15.0,20,750.0,20.0,1500.0,1500,1500.0,1.0,40.0,0.25
72,3230.0,-0.5152626,Vp,15.0,20,750.0,20.0,1500.0,1500,1500.0,1.0,40.0,0.25
73,3240.0,-0.37007523,Vp,15.0,20,750.0,20.0,1500.0,1500,1500.0,1.0,40.0,0.25
74,3250.0,-0.3619728,Vp,15.0,20,750.0,20.0,1500.0,1500,1500.0,1.0,40.0,0.25
75,3260.0,-0.09283066,Vp,15.0,20,750.0,20.0,1500.0,1500,1500.0,1.0,40.0,0.25
76,3270.0,4.7802353,Vp,15.0,20,750.0,20.0,1500.0,1500,1500.0,1.0,40.0,0.25
77,3280.0,6.598343,Vp,15.0,20,750.0,20.0,1500.0,1500,1500.0,1.0,40.0,0.25
78,3290.0,5.6872787,Vp,15.0,20,750.0,20.0,1500.0,1500,1500.0,1.0,40.0,0.25
79,3300.0,4.4368134,Vp,15.0,20,750.0,20.0,1500.0,1500,1500.0,1.0,40.0,0.25
80,3310.0,3.4652863,Vp,15.0,20,750.0,20.0,1500.0,1500,1500.0,1.0,40.0,0.25
81,3320.0,2.7866364,Vp,15.0,20,750.0,20.0,1500.0,1500,1500.0,1.0,40.0,0.25
82,3330.0,2.2866745,Vp,15.0,20,750.0,20.0,1500.0,1500,1500.0,1.0,40.0,0.25
83,3340.0,2.0000687,Vp,15.0,20,750.0,20.0,1500.0,1500,1500.0,1.0,40.0,0.25
84,3350.0,1.8400383,Vp,15.0,20,750.0,20.0,1500.0,1500,1500.0,1.0,40.0,0.25
85,3360.0,1.7053566,Vp,15.0,20,750.0,20.0,1500.0,1500,1500.0,1.0,40.0,0.25
86,3370.0,1.6179962,Vp,15.0,20,750.0,20.0,1500.0,1500,1500.0,1.0,40.0,0.25
87,3380.0,1.5527344,Vp,15.0,20,750.0,20.0,1500.0,1500,1500.0,1.0,40.0,0.25
88,3390.0,1.492115,Vp,15.0,20,750.0,20.0,1500.0,1500,1500.0,1.0,40.0,0.25
89,3400.0,1.4233246,Vp,15.0,20,750.0,20.0,1500.0,1500,1500.0,1.0,40.0,0.25
90,3410.0,1.439434,Vp,15.0,20,750.0,20.0,1500.0,1500,1500.0,1.0,40.0,0.25
91,3420.0,1.4015694,Vp,15.0,20,750.0,20.0,1500.0,1500,1500.0,1.0,40.0,0.25
92,3430.0,1.3762131,Vp,15.0,20,750.0,20.0,1500.0,1500,1500.0,1.0,40.0,0.25
93,3440.0,1.3331833,Vp,15.0,20,750.0,20.0,1500.0,1500,1500.0,1.0,40.0,0.25
94,3450.0,1.2974815,Vp,15.0,20,750.0,20.0,1500.0,1500,1500.0,1.0,40.0,0.25
95,3460.0,1.252945,Vp,15.0,20,750.0,20.0,1500.0,1500,1500.0,1.0,40.0,0.25
96,3470.0,1.2327919,Vp,15.0,20,750.0,20.0,1500.0,1500,1500.0,1.0,40.0,0.25
97,3480.0,1.1582794,Vp,15.0,20,750.0,20.0,1500.0,1500,1500.0,1.0,40.0,0.25
98,3490.0,1.1057892,Vp,15.0,20,750.0,20.0,1500.0,1500,1500.0,1.0,40.0,0.25
99,3500.0,1.045948,Vp,15.0,20,750.0,20.0,1500.0,1500,1500.0,1.0,40.0,0.25
100,3510.0,0.97652817,Vp,15.0,20,750.0,20.0,1500.0,1500,1500.0,1.0,40.0,0.25
101,3520.0,0.8882065,Vp,15.0,20,750.0,20.0,1500.0,1500,1500.0,1.0,40.0,0.25
102,3530.0,0.7600937,Vp,15.0,20,750.0,20.0,1500.0,1500,1500.0,1.0,40.0,0.25
103,3540.0,0.69527817,Vp,15.0,20,750.0,20.0,1500.0,1500,1500.0,1.0,40.0,0.25
104,3550.0,0.6373291,Vp,15.0,20,750.0,20.0,1500.0,1500,1500.0,1.0,40.0,0.25
105,3560.0,0.4924507,Vp,15.0,20,750.0,20.0,1500.0,1500,1500.0,1.0,40.0,0.25
106,3570.0,0.36098862,Vp,15.0,20,750.0,20.0,1500.0,1500,1500.0,1.0,40.0,0.25
107,3580.0,0.28315353,Vp,15.0,20,750.0,20.0,1500.0,1500,1500.0,1.0,40.0,0.25
108,3590.0,0.24184799,Vp,15.0,20,750.0,20.0,1500.0,1500,1500.0,1.0,40.0,0.25
109,3600.0,0.13409042,Vp,15.0,20,750.0,20.0,1500.0,1500,1500.0,1.0,40.0,0.25
110,3610.0,0.021778107,Vp,15.0,20,750.0,20.0,1500.0,1500,1500.0,1.0,40.0,0.25
111,3620.0,-0.12990952,Vp,15.0,20,750.0,20.0,1500.0,1500,1500.0,1.0,40.0,0.25
112,3630.0,-0.16583252,Vp,15.0,20,750.0,20.0,1500.0,1500,1500.0,1.0,40.0,0.25
113,3640.0,-0.15345001,Vp,15.0,20,750.0,20.0,1500.0,1500,1500.0,1.0,40.0,0.25
114,3650.0,-0.25835037,Vp,15.0,20,750.0,20.0,1500.0,1500,1500.0,1.0,40.0,0.25
115,3660.0,-0.25105286,Vp,15.0,20,750.0,20.0,1500.0,1500,1500.0,1.0,40.0,0.25
116,3670.0,-0.24577332,Vp,15.0,20,750.0,20.0,1500.0,1500,1500.0,1.0,40.0,0.25
117,3680.0,-0.34435654,Vp,15.0,20,750.0,20.0,1500.0,1500,1500.0,1.0,40.0,0.25
118,3690.0,-0.17063522,Vp,15.0,20,750.0,20.0,1500.0,1500,1500.0,1.0,40.0,0.25
119,3700.0,-0.23387527,Vp,15.0,20,750.0,20.0,1500.0,1500,1500.0,1.0,40.0,0.25
120,3710.0,-0.32592773,Vp,15.0,20,750.0,20.0,1500.0,1500,1500.0,1.0,40.0,0.25
121,3720.0,-0.30693436,Vp,15.0,20,750.0,20.0,1500.0,1500,1500.0,1.0,40.0,0.25
122,3730.0,-0.38972473,Vp,15.0,20,750.0,20.0,1500.0,1500,1500.0,1.0,40.0,0.25
123,3740.0,-0.25569916,Vp,15.0,20,750.0,20.0,1500.0,1500,1500.0,1.0,40.0,0.25
124,3750.0,-0.32192993,Vp,15.0,20,750.0,20.0,1500.0,1500,1500.0,1.0,40.0,0.25
125,3760.0,-0.25582504,Vp,15.0,20,750.0,20.0,1500.0,1500,1500.0,1.0,40.0,0.25
126,3770.0,-0.22123337,Vp,15.0,20,750.0,20.0,1500.0,1500,1500.0,1.0,40.0,0.25
127,3780.0,-0.29638672,Vp,15.0,20,750.0,20.0,1500.0,1500,1500.0,1.0,40.0,0.25
128,3790.0,-0.16766739,Vp,15.0,20,750.0,20.0,1500.0,1500,1500.0,1.0,40.0,0.25
129,3800.0,-0.31571198,Vp,15.0,20,750.0,20.0,1500.0,1500,1500.0,1.0,40.0,0.25
130,3810.0,-0.31772232,Vp,15.0,20,750.0,20.0,1500.0,1500,1500.0,1.0,40.0,0.25
131,3820.0,-0.35535812,Vp,15.0,20,750.0,20.0,1500.0,1500,1500.0,1.0,40.0,0.25
132,3830.0,-0.3012619,Vp,15.0,20,750.0,20.0,1500.0,1500,1500.0,1.0,40.0,0.25
133,3840.0,-0.2939911,Vp,15.0,20,750.0,20.0,1500.0,1500,1500.0,1.0,40.0,0.25
134,3850.0,-0.15919495,Vp,15.0,20,750.0,20.0,1500.0,1500,1500.0,1.0,40.0,0.25
135,3860.0,-0.42725372,Vp,15.0,20,750.0,20.0,1500.0,1500,1500.0,1.0,40.0,0.25
136,3870.0,-0.1619339,Vp,15.0,20,750.0,20.0,1500.0,1500,1500.0,1.0,40.0,0.25
137,3880.0,-0.10429764,Vp,15.0,20,750.0,20.0,1500.0,1500,1500.0,1.0,40.0,0.25
138,3890.0,-0.20051956,Vp,15.0,20,750.0,20.0,1500.0,1500,1500.0,1.0,40.0,0.25
139,3900.0,-0.3926201,Vp,15.0,20,750.0,20.0,1500.0,1500,1500.0,1.0,40.0,0.25
140,3910.0,-0.34672165,Vp,15.0,20,750.0,20.0,1500.0,1500,1500.0,1.0,40.0,0.25
141,3920.0,-0.2569046,Vp,15.0,20,750.0,20.0,1500.0,1500,1500.0,1.0,40.0,0.25
142,3930.0,-0.2724533,Vp,15.0,20,750.0,20.0,1500.0,1500,1500.0,1.0,40.0,0.25
143,3940.0,-0.16389847,Vp,15.0,20,750.0,20.0,1500.0,1500,1500.0,1.0,40.0,0.25
144,3950.0,-0.13805771,Vp,15.0,20,750.0,20.0,1500.0,1500,1500.0,1.0,40.0,0.25
145,3960.0,-0.4160614,Vp,15.0,20,750.0,20.0,1500.0,1500,1500.0,1.0,40.0,0.25
146,3970.0,-0.11004257,Vp,15.0,20,750.0,20.0,1500.0,1500,1500.0,1.0,40.0,0.25
147,3980.0,-0.11961746,Vp,15.0,20,750.0,20.0,1500.0,1500,1500.0,1.0,40.0,0.25
148,3990.0,-0.079338074,Vp,15.0,20,750.0,20.0,1500.0,1500,1500.0,1.0,40.0,0.25
149,4000.0,-0.137249,Vp,15.0,20,750.0,20.0,1500.0,1500,1500.0,1.0,40.0,0.25
150,4010.0,-0.14866638,Vp,15.0,20,750.0,20.0,1500.0,1500,1500.0,1.0,40.0,0.25
151,4020.0,-0.30662537,Vp,15.0,20,750.0,20.0,1500.0,1500,1500.0,1.0,40.0,0.25
152,4030.0,-0.233181,Vp,15.0,20,750.0,20.0,1500.0,1500,1500.0,1.0,40.0,0.25
153,4040.0,-0.12415314,Vp,15.0,20,750.0,20.0,1500.0,1500,1500.0,1.0,40.0,0.25
154,4050.0,-0.12992859,Vp,15.0,20,750.0,20.0,1500.0,1500,1500.0,1.0,40.0,0.25
155,4060.0,-0.4525299,Vp,15.0,20,750.0,20.0,1500.0,1500,1500.0,1.0,40.0,0.25
156,4070.0,-0.2062378,Vp,15.0,20,750.0,20.0,1500.0,1500,1500.0,1.0,40.0,0.25
157,4080.0,-0.10594559,Vp,15.0,20,750.0,20.0,1500.0,1500,1500.0,1.0,40.0,0.25
158,4090.0,-0.20346451,Vp,15.0,20,750.0,20.0,1500.0,1500,1500.0,1.0,40.0,0.25
159,4100.0,-0.5167465,Vp,15.0,20,750.0,20.0,1500.0,1500,1500.0,1.0,40.0,0.25
160,4110.0,-0.115543365,Vp,15.0,20,750.0,20.0,1500.0,1500,1500.0,1.0,40.0,0.25
161,4120.0,0.047847748,Vp,15.0,20,750.0,20.0,1500.0,1500,1500.0,1.0,40.0,0.25
162,4130.0,-0.28479385,Vp,15.0,20,750.0,20.0,1500.0,1500,1500.0,1.0,40.0,0.25
163,4140.0,-0.20583725,Vp,15.0,20,750.0,20.0,1500.0,1500,1500.0,1.0,40.0,0.25
164,4150.0,-0.33009338,Vp,15.0,20,750.0,20.0,1500.0,1500,1500.0,1.0,40.0,0.25
165,4160.0,-0.38600922,Vp,15.0,20,750.0,20.0,1500.0,1500,1500.0,1.0,40.0,0.25
166,4170.0,-0.033355713,Vp,15.0,20,750.0,20.0,1500.0,1500,1500.0,1.0,40.0,0.25
167,4180.0,-0.43553162,Vp,15.0,20,750.0,20.0,1500.0,1500,1500.0,1.0,40.0,0.25
168,4190.0,-0.4669342,Vp,15.0,20,750.0,20.0,1500.0,1500,1500.0,1.0,40.0,0.25
169,4200.0,-0.024421692,Vp,15.0,20,750.0,20.0,1500.0,1500,1500.0,1.0,40.0,0.25
170,4210.0,-0.27674866,Vp,15.0,20,750.0,20.0,1500.0,1500,1500.0,1.0,40.0,0.25
171,4220.0,-0.25749588,Vp,15.0,20,750.0,20.0,1500.0,1500,1500.0,1.0,40.0,0.25
172,4230.0,-0.33021927,Vp,15.0,20,750.0,20.0,1500.0,1500,1500.0,1.0,40.0,0.25
173,4240.0,-0.11838913,Vp,15.0,20,750.0,20.0,1500.0,1500,1500.0,1.0,40.0,0.25
174,4250.0,-0.35516357,Vp,15.0,20,750.0,20.0,1500.0,1500,1500.0,1.0,40.0,0.25
175,4260.0,-0.41495895,Vp,15.0,20,750.0,20.0,1500.0,1500,1500.0,1.0,40.0,0.25
176,4270.0,-0.13315201,Vp,15.0,20,750.0,20.0,1500.0,1500,1500.0,1.0,40.0,0.25
177,4280.0,-0.31579208,Vp,15.0,20,750.0,20.0,1500.0,1500,1500.0,1.0,40.0,0.25
178,4290.0,-0.24899673,Vp,15.0,20,750.0,20.0,1500.0,1500,1500.0,1.0,40.0,0.25
179,4300.0,-0.14426804,Vp,15.0,20,750.0,20.0,1500.0,1500,1500.0,1.0,40.0,0.25
180,4310.0,-0.23106003,Vp,15.0,20,750.0,20.0,1500.0,1500,1500.0,1.0,40.0,0.25
181,4320.0,-0.31121445,Vp,15.0,20,750.0,20.0,1500.0,1500,1500.0,1.0,40.0,0.25
182,4330.0,-0.42347717,Vp,15.0,20,750.0,20.0,1500.0,1500,1500.0,1.0,40.0,0.25
183,4340.0,-0.3098488,Vp,15.0,20,750.0,20.0,1500.0,1500,1500.0,1.0,40.0,0.25
184,4350.0,-0.30085373,Vp,15.0,20,750.0,20.0,1500.0,1500,1500.0,1.0,40.0,0.25
185,4360.0,-0.40062714,Vp,15.0,20,750.0,20.0,1500.0,1500,1500.0,1.0,40.0,0.25
186,4370.0,-0.1893425,Vp,15.0,20,750.0,20.0,1500.0,1500,1500.0,1.0,40.0,0.25
187,4380.0,-0.2473259,Vp,15.0,20,750.0,20.0,1500.0,1500,1500.0,1.0,40.0,0.25
188,4390.0,-0.38544083,Vp,15.0,20,750.0,20.0,1500.0,1500,1500.0,1.0,40.0,0.25
189,4400.0,-0.1951294,Vp,15.0,20,750.0,20.0,1500.0,1500,1500.0,1.0,40.0,0.25
190,4410.0,-0.3769989,Vp,15.0,20,750.0,20.0,1500.0,1500,1500.0,1.0,40.0,0.25
191,4420.0,-0.4546318,Vp,15.0,20,750.0,20.0,1500.0,1500,1500.0,1.0,40.0,0.25
192,4430.0,-0.14807892,Vp,15.0,20,750.0,20.0,1500.0,1500,1500.0,1.0,40.0,0.25
193,4440.0,-0.22561646,Vp,15.0,20,750.0,20.0,1500.0,1500,1500.0,1.0,40.0,0.25
194,4450.0,-0.53102875,Vp,15.0,20,750.0,20.0,1500.0,1500,1500.0,1.0,40.0,0.25
195,4460.0,-0.32909393,Vp,15.0,20,750.0,20.0,1500.0,1500,1500.0,1.0,40.0,0.25
196,4470.0,-0.16204071,Vp,15.0,20,750.0,20.0,1500.0,1500,1500.0,1.0,40.0,0.25
197,4480.0,-0.45100784,Vp,15.0,20,750.0,20.0,1500.0,1500,1500.0,1.0,40.0,0.25
198,4490.0,-0.44374847,Vp,15.0,20,750.0,20.0,1500.0,1500,1500.0,1.0,40.0,0.25
199,4500.0,-0.30239868,Vp,15.0,20,750.0,20.0,1500.0,1500,1500.0,1.0,40.0,0.25
200,4510.0,-0.34456635,Vp,15.0,20,750.0,20.0,1500.0,1500,1500.0,1.0,40.0,0.25
201,4520.0,-0.2614441,Vp,15.0,20,750.0,20.0,1500.0,1500,1500.0,1.0,40.0,0.25
202,4530.0,-0.4431076,Vp,15.0,20,750.0,20.0,1500.0,1500,1500.0,1.0,40.0,0.25
203,4540.0,-0.25668335,Vp,15.0,20,750.0,20.0,1500.0,1500,1500.0,1.0,40.0,0.25
204,4550.0,-0.35601807,Vp,15.0,20,750.0,20.0,1500.0,1500,1500.0,1.0,40.0,0.25
205,4560.0,-0.27891922,Vp,15.0,20,750.0,20.0,1500.0,1500,1500.0,1.0,40.0,0.25
206,4570.0,-0.23877716,Vp,15.0,20,750.0,20.0,1500.0,1500,1500.0,1.0,40.0,0.25
207,4580.0,-0.28181458,Vp,15.0,20,750.0,20.0,1500.0,1500,1500.0,1.0,40.0,0.25
208,4590.0,-0.12885666,Vp,15.0,20,750.0,20.0,1500.0,1500,1500.0,1.0,40.0,0.25
209,4600.0,-0.14431,Vp,15.0,20,750.0,20.0,1500.0,1500,1500.0,1.0,40.0,0.25
210,4610.0,-0.26154327,Vp,15.0,20,750.0,20.0,1500.0,1500,1500.0,1.0,40.0,0.25
211,4620.0,-0.3704834,Vp,15.0,20,750.0,20.0,1500.0,1500,1500.0,1.0,40.0,0.25
212,4630.0,-0.45086288,Vp,15.0,20,750.0,20.0,1500.0,1500,1500.0,1.0,40.0,0.25
213,4640.0,-0.424469,Vp,15.0,20,750.0,20.0,1500.0,1500,1500.0,1.0,40.0,0.25
214,4650.0,-0.13291168,Vp,15.0,20,750.0,20.0,1500.0,1500,1500.0,1.0,40.0,0.25
215,4660.0,-0.28969574,Vp,15.0,20,750.0,20.0,1500.0,1500,1500.0,1.0,40.0,0.25
216,4670.0,-0.4214363,Vp,15.0,20,750.0,20.0,1500.0,1500,1500.0,1.0,40.0,0.25
217,4680.0,-0.2100296,Vp,15.0,20,750.0,20.0,1500.0,1500,1500.0,1.0,40.0,0.25
218,4690.0,-0.22373581,Vp,15.0,20,750.0,20.0,1500.0,1500,1500.0,1.0,40.0,0.25
219,4700.0,-0.43621445,Vp,15.0,20,750.0,20.0,1500.0,1500,1500.0,1.0,40.0,0.25
220,4710.0,-0.27132416,Vp,15.0,20,750.0,20.0,1500.0,1500,1500.0,1.0,40.0,0.25
221,4720.0,-0.21007538,Vp,15.0,20,750.0,20.0,1500.0,1500,1500.0,1.0,40.0,0.25
222,4730.0,-0.54079056,Vp,15.0,20,750.0,20.0,1500.0,1500,1500.0,1.0,40.0,0.25
223,4740.0,-0.41099167,Vp,15.0,20,750.0,20.0,1500.0,1500,1500.0,1.0,40.0,0.25
224,4750.0,-0.32748795,Vp,15.0,20,750.0,20.0,1500.0,1500,1500.0,1.0,40.0,0.25
225,4760.0,-0.44661713,Vp,15.0,20,750.0,20.0,1500.0,1500,1500.0,1.0,40.0,0.25
226,6880.0,-0.22949219,Vp,15.0,20,750.0,20.0,1500.0,1500,1500.0,1.0,40.0,0.25
227,6890.0,-0.45264435,Vp,15.0,20,750.0,20.0,1500.0,1500,1500.0,1.0,40.0,0.25
228,6900.0,-0.38859558,Vp,15.0,20,750.0,20.0,1500.0,1500,1500.0,1.0,40.0,0.25
229,6910.0,-0.4471016,Vp,15.0,20,750.0,20.0,1500.0,1500,1500.0,1.0,40.0,0.25
230,6920.0,-0.45396042,Vp,15.0,20,750.0,20.0,1500.0,1500,1500.0,1.0,40.0,0.25
231,6930.0,-0.6631737,Vp,15.0,20,750.0,20.0,1500.0,1500,1500.0,1.0,40.0,0.25
232,6940.0,-0.41640472,Vp,15.0,20,750.0,20.0,1500.0,1500,1500.0,1.0,40.0,0.25
233,6950.0,-0.45186234,Vp,15.0,20,750.0,20.0,1500.0,1500,1500.0,1.0,40.0,0.25
234,6960.0,-0.59030914,Vp,15.0,20,750.0,20.0,1500.0,1500,1500.0,1.0,40.0,0.25
235,6970.0,-0.46049118,Vp,15.0,20,750.0,20.0,1500.0,1500,1500.0,1.0,40.0,0.25
236,6980.0,-0.409626,Vp,15.0,20,750.0,20.0,1500.0,1500,1500.0,1.0,40.0,0.25
237,6990.0,-0.56528854,Vp,15.0,20,750.0,20.0,1500.0,1500,1500.0,1.0,40.0,0.25
238,7000.0,-0.3479843,Vp,15.0,20,750.0,20.0,1500.0,1500,1500.0,1.0,40.0,0.25
239,7010.0,-0.5115967,Vp,15.0,20,750.0,20.0,1500.0,1500,1500.0,1.0,40.0,0.25
240,7020.0,-0.39310837,Vp,15.0,20,750.0,20.0,1500.0,1500,1500.0,1.0,40.0,0.25
241,7030.0,-0.43649673,Vp,15.0,20,750.0,20.0,1500.0,1500,1500.0,1.0,40.0,0.25
242,7040.0,-0.3097496,Vp,15.0,20,750.0,20.0,1500.0,1500,1500.0,1.0,40.0,0.25
243,7050.0,-0.4033928,Vp,15.0,20,750.0,20.0,1500.0,1500,1500.0,1.0,40.0,0.25
244,7060.0,-0.33358002,Vp,15.0,20,750.0,20.0,1500.0,1500,1500.0,1.0,40.0,0.25
245,7070.0,-0.14916229,Vp,15.0,20,750.0,20.0,1500.0,1500,1500.0,1.0,40.0,0.25
246,7080.0,-0.43145752,Vp,15.0,20,750.0,20.0,1500.0,1500,1500.0,1.0,40.0,0.25
247,7090.0,-0.62657547,Vp,15.0,20,750.0,20.0,1500.0,1500,1500.0,1.0,40.0,0.25
248,7100.0,-0.37788773,Vp,15.0,20,750.0,20.0,1500.0,1500,1500.0,1.0,40.0,0.25
249,7110.0,-0.23406982,Vp,15.0,20,750.0,20.0,1500.0,1500,1500.0,1.0,40.0,0.25
250,7120.0,-0.29735565,Vp,15.0,20,750.0,20.0,1500.0,1500,1500.0,1.0,40.0,0.25
251,7130.0,-0.42767715,Vp,15.0,20,750.0,20.0,1500.0,1500,1500.0,1.0,40.0,0.25
252,7140.0,-0.3601761,Vp,15.0,20,750.0,20.0,1500.0,1500,1500.0,1.0,40.0,0.25
253,7150.0,-0.25413132,Vp,15.0,20,750.0,20.0,1500.0,1500,1500.0,1.0,40.0,0.25
254,7160.0,-0.33966827,Vp,15.0,20,750.0,20.0,1500.0,1500,1500.0,1.0,40.0,0.25
255,7170.0,-0.6399727,Vp,15.0,20,750.0,20.0,1500.0,1500,1500.0,1.0,40.0,0.25
256,7180.0,-0.64085007,Vp,15.0,20,750.0,20.0,1500.0,1500,1500.0,1.0,40.0,0.25
257,7190.0,-0.5495682,Vp,15.0,20,750.0,20.0,1500.0,1500,1500.0,1.0,40.0,0.25
258,7200.0,-0.21021652,Vp,15.0,20,750.0,20.0,1500.0,1500,1500.0,1.0,40.0,0.25
259,7210.0,-0.29836655,Vp,15.0,20,750.0,20.0,1500.0,1500,1500.0,1.0,40.0,0.25
260,7220.0,-0.53121185,Vp,15.0,20,750.0,20.0,1500.0,1500,1500.0,1.0,40.0,0.25
261,7230.0,-0.5531807,Vp,15.0,20,750.0,20.0,1500.0,1500,1500.0,1.0,40.0,0.25
262,7240.0,-0.26655197,Vp,15.0,20,750.0,20.0,1500.0,1500,1500.0,1.0,40.0,0.25
263,7250.0,-0.30611038,Vp,15.0,20,750.0,20.0,1500.0,1500,1500.0,1.0,40.0,0.25
264,7260.0,-0.31098175,Vp,15.0,20,750.0,20.0,1500.0,1500,1500.0,1.0,40.0,0.25
265,7270.0,-0.39936447,Vp,15.0,20,750.0,20.0,1500.0,1500,1500.0,1.0,40.0,0.25
266,7280.0,-0.44944382,Vp,15.0,20,750.0,20.0,1500.0,1500,1500.0,1.0,40.0,0.25
267,7290.0,-0.24848175,Vp,15.0,20,750.0,20.0,1500.0,1500,1500.0,1.0,40.0,0.25
268,7300.0,-0.44034958,Vp,15.0,20,750.0,20.0,1500.0,1500,1500.0,1.0,40.0,0.25
269,7310.0,-0.70903397,Vp,15.0,20,750.0,20.0,1500.0,1500,1500.0,1.0,40.0,0.25
270,7320.0,-0.36304474,Vp,15.0,20,750.0,20.0,1500.0,1500,1500.0,1.0,40.0,0.25
271,7330.0,-0.3463707,Vp,15.0,20,750.0,20.0,1500.0,1500,1500.0,1.0,40.0,0.25
272,7340.0,-0.45185852,Vp,15.0,20,750.0,20.0,1500.0,1500,1500.0,1.0,40.0,0.25
273,7350.0,-0.55163574,Vp,15.0,20,750.0,20.0,1500.0,1500,1500.0,1.0,40.0,0.25
274,7360.0,-0.33283234,Vp,15.0,20,750.0,20.0,1500.0,1500,1500.0,1.0,40.0,0.25
275,7370.0,-0.30530548,Vp,15.0,20,750.0,20.0,1500.0,1500,1500.0,1.0,40.0,0.25
276,7380.0,-0.63464355,Vp,15.0,20,750.0,20.0,1500.0,1500,1500.0,1.0,40.0,0.25
277,7390.0,-0.42676163,Vp,15.0,20,750.0,20.0,1500.0,1500,1500.0,1.0,40.0,0.25
278,7400.0,-0.12505722,Vp,15.0,20,750.0,20.0,1500.0,1500,1500.0,1.0,40.0,0.25
279,7410.0,-0.20713425,Vp,15.0,20,750.0,20.0,1500.0,1500,1500.0,1.0,40.0,0.25
280,7420.0,-0.39627838,Vp,15.0,20,750.0,20.0,1500.0,1500,1500.0,1.0,40.0,0.25
281,7430.0,-0.60502243,Vp,15.0,20,750.0,20.0,1500.0,1500,1500.0,1.0,40.0,0.25
282,7440.0,-0.5972557,Vp,15.0,20,750.0,20.0,1500.0,1500,1500.0,1.0,40.0,0.25
283,7450.0,-0.4009056,Vp,15.0,20,750.0,20.0,1500.0,1500,1500.0,1.0,40.0,0.25
284,7460.0,-0.40621185,Vp,15.0,20,750.0,20.0,1500.0,1500,1500.0,1.0,40.0,0.25
285,7470.0,-0.445549,Vp,15.0,20,750.0,20.0,1500.0,1500,1500.0,1.0,40.0,0.25
286,7480.0,-0.40083694,Vp,15.0,20,750.0,20.0,1500.0,1500,1500.0,1.0,40.0,0.25
287,7490.0,-0.39516068,Vp,15.0,20,750.0,20.0,1500.0,1500,1500.0,1.0,40.0,0.25
288,7500.0,-0.38000107,Vp,15.0,20,750.0,20.0,1500.0,1500,1500.0,1.0,40.0,0.25
289,7510.0,-0.5482063,Vp,15.0,20,750.0,20.0,1500.0,1500,1500.0,1.0,40.0,0.25
290,7520.0,-0.3874054,Vp,15.0,20,750.0,20.0,1500.0,1500,1500.0,1.0,40.0,0.25
291,7530.0,-0.39178848,Vp,15.0,20,750.0,20.0,1500.0,1500,1500.0,1.0,40.0,0.25
292,7540.0,-0.44143677,Vp,15.0,20,750.0,20.0,1500.0,1500,1500.0,1.0,40.0,0.25
293,7550.0,-0.33259583,Vp,15.0,20,750.0,20.0,1500.0,1500,1500.0,1.0,40.0,0.25
294,7560.0,-0.35998154,Vp,15.0,20,750.0,20.0,1500.0,1500,1500.0,1.0,40.0,0.25
295,7570.0,-0.5320358,Vp,15.0,20,750.0,20.0,1500.0,1500,1500.0,1.0,40.0,0.25
296,7580.0,-0.45481873,Vp,15.0,20,750.0,20.0,1500.0,1500,1500.0,1.0,40.0,0.25
297,7590.0,-0.08525467,Vp,15.0,20,750.0,20.0,1500.0,1500,1500.0,1.0,40.0,0.25
298,7600.0,-0.24116135,Vp,15.0,20,750.0,20.0,1500.0,1500,1500.0,1.0,40.0,0.25
299,7610.0,-0.39699936,Vp,15.0,20,750.0,20.0,1500.0,1500,1500.0,1.0,40.0,0.25
300,7620.0,-0.5512161,Vp,15.0,20,750.0,20.0,1500.0,1500,1500.0,1.0,40.0,0.25
301,7630.0,0.10309219,Vp,15.0,20,750.0,20.0,1500.0,1500,1500.0,1.0,40.0,0.25
302,7640.0,4.9270554,Vp,15.0,20,750.0,20.0,1500.0,1500,1500.0,1.0,40.0,0.25
303,7650.0,6.616455,Vp,15.0,20,750.0,20.0,1500.0,1500,1500.0,1.0,40.0,0.25
304,7660.0,5.6229935,Vp,15.0,20,750.0,20.0,1500.0,1500,1500.0,1.0,40.0,0.25
305,7670.0,4.3780212,Vp,15.0,20,750.0,20.0,1500.0,1500,1500.0,1.0,40.0,0.25
306,7680.0,3.4263382,Vp,15.0,20,750.0,20.0,1500.0,1500,1500.0,1.0,40.0,0.25
307,7690.0,2.7684631,Vp,15.0,20,750.0,20.0,1500.0,1500,1500.0,1.0,40.0,0.25
308,7700.0,2.342434,Vp,15.0,20,750.0,20.0,1500.0,1500,1500.0,1.0,40.0,0.25
309,7710.0,2.0619087,Vp,15.0,20,750.0,20.0,1500.0,1500,1500.0,1.0,40.0,0.25
310,7720.0,1.8740501,Vp,15.0,20,750.0,20.0,1500.0,1500,1500.0,1.0,40.0,0.25
311,7730.0,1.7703514,Vp,15.0,20,750.0,20.0,1500.0,1500,1500.0,1.0,40.0,0.25
312,7740.0,1.6631088,Vp,15.0,20,750.0,20.0,1500.0,1500,1500.0,1.0,40.0,0.25
313,7750.0,1.5731812,Vp,15.0,20,750.0,20.0,1500.0,1500,1500.0,1.0,40.0,0.25
314,7760.0,1.5210228,Vp,15.0,20,750.0,20.0,1500.0,1500,1500.0,1.0,40.0,0.25
315,7770.0,1.478962,Vp,15.0,20,750.0,20.0,1500.0,1500,1500.0,1.0,40.0,0.25
316,7780.0,1.4634743,Vp,15.0,20,750.0,20.0,1500.0,1500,1500.0,1.0,40.0,0.25
317,7790.0,1.4378853,Vp,15.0,20,750.0,20.0,1500.0,1500,1500.0,1.0,40.0,0.25
318,7800.0,1.4040718,Vp,15.0,20,750.0,20.0,1500.0,1500,1500.0,1.0,40.0,0.25
319,7810.0,1.340271,Vp,15.0,20,750.0,20.0,1500.0,1500,1500.0,1.0,40.0,0.25
320,7820.0,1.3078003,Vp,15.0,20,750.0,20.0,1500.0,1500,1500.0,1.0,40.0,0.25
321,7830.0,1.2625389,Vp,15.0,20,750.0,20.0,1500.0,1500,1500.0,1.0,40.0,0.25
322,7840.0,1.2129898,Vp,15.0,20,750.0,20.0,1500.0,1500,1500.0,1.0,40.0,0.25
323,7850.0,1.1365585,Vp,15.0,20,750.0,20.0,1500.0,1500,1500.0,1.0,40.0,0.25
324,7860.0,1.1152306,Vp,15.0,20,750.0,20.0,1500.0,1500,1500.0,1.0,40.0,0.25
325,7870.0,1.0757675,Vp,15.0,20,750.0,20.0,1500.0,1500,1500.0,1.0,40.0,0.25
326,7880.0,1.0094376,Vp,15.0,20,750.0,20.0,1500.0,1500,1500.0,1.0,40.0,0.25
327,7890.0,0.93927,Vp,15.0,20,750.0,20.0,1500.0,1500,1500.0,1.0,40.0,0.25
328,7900.0,0.82271194,Vp,15.0,20,750.0,20.0,1500.0,1500,1500.0,1.0,40.0,0.25
329,7910.0,0.78590775,Vp,15.0,20,750.0,20.0,1500.0,1500,1500.0,1.0,40.0,0.25
330,7920.0,0.65203476,Vp,15.0,20,750.0,20.0,1500.0,1500,1500.0,1.0,40.0,0.25
331,7930.0,0.50125504,Vp,15.0,20,750.0,20.0,1500.0,1500,1500.0,1.0,40.0,0.25
332,7940.0,0.32373047,Vp,15.0,20,750.0,20.0,1500.0,1500,1500.0,1.0,40.0,0.25
333,7950.0,0.20734024,Vp,15.0,20,750.0,20.0,1500.0,1500,1500.0,1.0,40.0,0.25
334,7960.0,0.17362595,Vp,15.0,20,750.0,20.0,1500.0,1500,1500.0,1.0,40.0,0.25
335,7970.0,0.1722641,Vp,15.0,20,750.0,20.0,1500.0,1500,1500.0,1.0,40.0,0.25
336,7980.0,0.04981613,Vp,15.0,20,750.0,20.0,1500.0,1500,1500.0,1.0,40.0,0.25
337,7990.0,-0.048065186,Vp,15.0,20,750.0,20.0,1500.0,1500,1500.0,1.0,40.0,0.25
338,8000.0,-0.18133163,Vp,15.0,20,750.0,20.0,1500.0,1500,1500.0,1.0,40.0,0.25
339,8010.0,-0.26423264,Vp,15.0,20,750.0,20.0,1500.0,1500,1500.0,1.0,40.0,0.25
340,8020.0,-0.19732285,Vp,15.0,20,750.0,20.0,1500.0,1500,1500.0,1.0,40.0,0.25
341,8030.0,-0.2081604,Vp,15.0,20,750.0,20.0,1500.0,1500,1500.0,1.0,40.0,0.25
342,8040.0,-0.26830673,Vp,15.0,20,750.0,20.0,1500.0,1500,1500.0,1.0,40.0,0.25
343,8050.0,-0.13700485,Vp,15.0,20,750.0,20.0,1500.0,1500,1500.0,1.0,40.0,0.25
344,8060.0,-0.3023224,Vp,15.0,20,750.0,20.0,1500.0,1500,1500.0,1.0,40.0,0.25
345,8070.0,-0.41230392,Vp,15.0,20,750.0,20.0,1500.0,1500,1500.0,1.0,40.0,0.25
346,8080.0,-0.43377686,Vp,15.0,20,750.0,20.0,1500.0,1500,1500.0,1.0,40.0,0.25
347,8090.0,-0.09852219,Vp,15.0,20,750.0,20.0,1500.0,1500,1500.0,1.0,40.0,0.25
348,8100.0,-0.23984909,Vp,15.0,20,750.0,20.0,1500.0,1500,1500.0,1.0,40.0,0.25
349,8110.0,-0.37158203,Vp,15.0,20,750.0,20.0,1500.0,1500,1500.0,1.0,40.0,0.25
350,8120.0,-0.29356766,Vp,15.0,20,750.0,20.0,1500.0,1500,1500.0,1.0,40.0,0.25
351,8130.0,-0.24370193,Vp,15.0,20,750.0,20.0,1500.0,1500,1500.0,1.0,40.0,0.25
352,8140.0,-0.24685287,Vp,15.0,20,750.0,20.0,1500.0,1500,1500.0,1.0,40.0,0.25
353,8150.0,-0.31945038,Vp,15.0,20,750.0,20.0,1500.0,1500,1500.0,1.0,40.0,0.25
354,8160.0,-0.2593956,Vp,15.0,20,750.0,20.0,1500.0,1500,1500.0,1.0,40.0,0.25
355,8170.0,-0.38080215,Vp,15.0,20,750.0,20.0,1500.0,1500,1500.0,1.0,40.0,0.25
356,8180.0,-0.23673248,Vp,15.0,20,750.0,20.0,1500.0,1500,1500.0,1.0,40.0,0.25
357,8190.0,-0.19644928,Vp,15.0,20,750.0,20.0,1500.0,1500,1500.0,1.0,40.0,0.25
358,8200.0,-0.16180038,Vp,15.0,20,750.0,20.0,1500.0,1500,1500.0,1.0,40.0,0.25
359,8210.0,-0.25170135,Vp,15.0,20,750.0,20.0,1500.0,1500,1500.0,1.0,40.0,0.25
360,8220.0,-0.12953949,Vp,15.0,20,750.0,20.0,1500.0,1500,1500.0,1.0,40.0,0.25
361,8230.0,-0.18183517,Vp,15.0,20,750.0,20.0,1500.0,1500,1500.0,1.0,40.0,0.25
362,8240.0,-0.22585297,Vp,15.0,20,750.0,20.0,1500.0,1500,1500.0,1.0,40.0,0.25
363,8250.0,-0.3584404,Vp,15.0,20,750.0,20.0,1500.0,1500,1500.0,1.0,40.0,0.25
364,8260.0,-0.23061371,Vp,15.0,20,750.0,20.0,1500.0,1500,1500.0,1.0,40.0,0.25
365,8270.0,-0.18399048,Vp,15.0,20,750.0,20.0,1500.0,1500,1500.0,1.0,40.0,0.25
366,8280.0,-0.28728104,Vp,15.0,20,750.0,20.0,1500.0,1500,1500.0,1.0,40.0,0.25
367,8290.0,-0.33187103,Vp,15.0,20,750.0,20.0,1500.0,1500,1500.0,1.0,40.0,0.25
368,8300.0,-0.23731995,Vp,15.0,20,750.0,20.0,1500.0,1500,1500.0,1.0,40.0,0.25
369,8310.0,0.19343567,Vp,15.0,20,750.0,20.0,1500.0,1500,1500.0,1.0,40.0,0.25
370,8320.0,-0.08549118,Vp,15.0,20,750.0,20.0,1500.0,1500,1500.0,1.0,40.0,0.25
371,8330.0,-0.27408218,Vp,15.0,20,750.0,20.0,1500.0,1500,1500.0,1.0,40.0,0.25
372,8340.0,-0.37919235,Vp,15.0,20,750.0,20.0,1500.0,1500,1500.0,1.0,40.0,0.25
373,8350.0,-0.1498375,Vp,15.0,20,750.0,20.0,1500.0,1500,1500.0,1.0,40.0,0.25
374,8360.0,-0.09248352,Vp,15.0,20,750.0,20.0,1500.0,1500,1500.0,1.0,40.0,0.25
375,8370.0,-0.48161316,Vp,15.0,20,750.0,20.0,1500.0,1500,1500.0,1.0,40.0,0.25
376,8380.0,-0.28260803,Vp,15.0,20,750.0,20.0,1500.0,1500,1500.0,1.0,40.0,0.25
377,8390.0,-0.18951416,Vp,15.0,20,750.0,20.0,1500.0,1500,1500.0,1.0,40.0,0.25
378,8400.0,-0.20914459,Vp,15.0,20,750.0,20.0,1500.0,1500,1500.0,1.0,40.0,0.25
379,8410.0,-0.37864685,Vp,15.0,20,750.0,20.0,1500.0,1500,1500.0,1.0,40.0,0.25
380,8420.0,-0.43340302,Vp,15.0,20,750.0,20.0,1500.0,1500,1500.0,1.0,40.0,0.25
381,8430.0,-0.27848816,Vp,15.0,20,750.0,20.0,1500.0,1500,1500.0,1.0,40.0,0.25
382,8440.0,-0.19874573,Vp,15.0,20,750.0,20.0,1500.0,1500,1500.0,1.0,40.0,0.25
383,8450.0,-0.24335098,Vp,15.0,20,750.0,20.0,1500.0,1500,1500.0,1.0,40.0,0.25
384,8460.0,-0.16035461,Vp,15.0,20,750.0,20.0,1500.0,1500,1500.0,1.0,40.0,0.25
385,8470.0,-0.35276794,Vp,15.0,20,750.0,20.0,1500.0,1500,1500.0,1.0,40.0,0.25
386,8480.0,-0.46794128,Vp,15.0,20,750.0,20.0,1500.0,1500,1500.0,1.0,40.0,0.25
387,8490.0,-0.38733292,Vp,15.0,20,750.0,20.0,1500.0,1500,1500.0,1.0,40.0,0.25
388,8500.0,-0.043697357,Vp,15.0,20,750.0,20.0,1500.0,1500,1500.0,1.0,40.0,0.25
389,8510.0,-0.19799423,Vp,15.0,20,750.0,20.0,1500.0,1500,1500.0,1.0,40.0,0.25
390,8520.0,-0.3933487,Vp,15.0,20,750.0,20.0,1500.0,1500,1500.0,1.0,40.0,0.25
391,8530.0,-0.17622757,Vp,15.0,20,750.0,20.0,1500.0,1500,1500.0,1.0,40.0,0.25
392,8540.0,-0.2165947,Vp,15.0,20,750.0,20.0,1500.0,1500,1500.0,1.0,40.0,0.25
393,8550.0,-0.25959015,Vp,15.0,20,750.0,20.0,1500.0,1500,1500.0,1.0,40.0,0.25
394,8560.0,-0.42882156,Vp,15.0,20,750.0,20.0,1500.0,1500,1500.0,1.0,40.0,0.25
395,8570.0,-0.4957428,Vp,15.0,20,750.0,20.0,1500.0,1500,1500.0,1.0,40.0,0.25
396,8580.0,-0.022518158,Vp,15.0,20,750.0,20.0,1500.0,1500,1500.0,1.0,40.0,0.25
397,8590.0,-0.13129807,Vp,15.0,20,750.0,20.0,1500.0,1500,1500.0,1.0,40.0,0.25
398,8600.0,-0.4087181,Vp,15.0,20,750.0,20.0,1500.0,1500,1500.0,1.0,40.0,0.25
399,8610.0,-0.4695511,Vp,15.0,20,750.0,20.0,1500.0,1500,1500.0,1.0,40.0,0.25
400,8620.0,-0.2555809,Vp,15.0,20,750.0,20.0,1500.0,1500,1500.0,1.0,40.0,0.25
401,8630.0,-0.16625977,Vp,15.0,20,750.0,20.0,1500.0,1500,1500.0,1.0,40.0,0.25
402,8640.0,-0.46253967,Vp,15.0,20,750.0,20.0,1500.0,1500,1500.0,1.0,40.0,0.25
403,8650.0,-0.15227509,Vp,15.0,20,750.0,20.0,1500.0,1500,1500.0,1.0,40.0,0.25
404,8660.0,-0.35210037,Vp,15.0,20,750.0,20.0,1500.0,1500,1500.0,1.0,40.0,0.25
405,8670.0,-0.5137825,Vp,15.0,20,750.0,20.0,1500.0,1500,1500.0,1.0,40.0,0.25
406,8680.0,-0.24616623,Vp,15.0,20,750.0,20.0,1500.0,1500,1500.0,1.0,40.0,0.25
407,8690.0,-0.2023735,Vp,15.0,20,750.0,20.0,1500.0,1500,1500.0,1.0,40.0,0.25
408,8700.0,-0.44873428,Vp,15.0,20,750.0,20.0,1500.0,1500,1500.0,1.0,40.0,0.25
409,8710.0,-0.37918472,Vp,15.0,20,750.0,20.0,1500.0,1500,1500.0,1.0,40.0,0.25
410,8720.0,-0.13005447,Vp,15.0,20,750.0,20.0,1500.0,1500,1500.0,1.0,40.0,0.25
411,8730.0,-0.35564804,Vp,15.0,20,750.0,20.0,1500.0,1500,1500.0,1.0,40.0,0.25
412,8740.0,-0.15834427,Vp,15.0,20,750.0,20.0,1500.0,1500,1500.0,1.0,40.0,0.25
413,8750.0,-0.27158356,Vp,15.0,20,750.0,20.0,1500.0,1500,1500.0,1.0,40.0,0.25
414,8760.0,-0.34539413,Vp,15.0,20,750.0,20.0,1500.0,1500,1500.0,1.0,40.0,0.25
415,8770.0,-0.06249237,Vp,15.0,20,750.0,20.0,1500.0,1500,1500.0,1.0,40.0,0.25
416,8780.0,-0.31524658,Vp,15.0,20,750.0,20.0,1500.0,1500,1500.0,1.0,40.0,0.25
417,8790.0,-0.15604782,Vp,15.0,20,750.0,20.0,1500.0,1500,1500.0,1.0,40.0,0.25
418,8800.0,-0.33995438,Vp,15.0,20,750.0,20.0,1500.0,1500,1500.0,1.0,40.0,0.25
419,8810.0,-0.30812454,Vp,15.0,20,750.0,20.0,1500.0,1500,1500.0,1.0,40.0,0.25
420,8820.0,-0.39401627,Vp,15.0,20,750.0,20.0,1500.0,1500,1500.0,1.0,40.0,0.25
421,8830.0,-0.29740906,Vp,15.0,20,750.0,20.0,1500.0,1500,1500.0,1.0,40.0,0.25
422,8840.0,-0.11003494,Vp,15.0,20,750.0,20.0,1500.0,1500,1500.0,1.0,40.0,0.25
423,8850.0,-0.2890396,Vp,15.0,20,750.0,20.0,1500.0,1500,1500.0,1.0,40.0,0.25
424,8860.0,-0.618351,Vp,15.0,20,750.0,20.0,1500.0,1500,1500.0,1.0,40.0,0.25
425,8870.0,-0.4055252,Vp,15.0,20,750.0,20.0,1500.0,1500,1500.0,1.0,40.0,0.25
426,8880.0,-0.122112274,Vp,15.0,20,750.0,20.0,1500.0,1500,1500.0,1.0,40.0,0.25
427,8890.0,-0.32697296,Vp,15.0,20,750.0,20.0,1500.0,1500,1500.0,1.0,40.0,0.25
428,8900.0,-0.38122177,Vp,15.0,20,750.0,20.0,1500.0,1500,1500.0,1.0,40.0,0.25
429,8910.0,-0.3213768,Vp,15.0,20,750.0,20.0,1500.0,1500,1500.0,1.0,40.0,0.25
430,8920.0,-0.55244446,Vp,15.0,20,750.0,20.0,1500.0,1500,1500.0,1.0,40.0,0.25
431,8930.0,-0.36587906,Vp,15.0,20,750.0,20.0,1500.0,1500,1500.0,1.0,40.0,0.25
432,8940.0,-0.19266129,Vp,15.0,20,750.0,20.0,1500.0,1500,1500.0,1.0,40.0,0.25
433,8950.0,-0.4594803,Vp,15.0,20,750.0,20.0,1500.0,1500,1500.0,1.0,40.0,0.25
434,8960.0,-0.61037827,Vp,15.0,20,750.0,20.0,1500.0,1500,1500.0,1.0,40.0,0.25
435,8970.0,-0.2742958,Vp,15.0,20,750.0,20.0,1500.0,1500,1500.0,1.0,40.0,0.25
436,8980.0,-0.22930908,Vp,15.0,20,750.0,20.0,1500.0,1500,1500.0,1.0,40.0,0.25
437,8990.0,-0.57149124,Vp,15.0,20,750.0,20.0,1500.0,1500,1500.0,1.0,40.0,0.25
438,9000.0,-0.35982895,Vp,15.0,20,750.0,20.0,1500.0,1500,1500.0,1.0,40.0,0.25
439,9010.0,-0.27029037,Vp,15.0,20,750.0,20.0,1500.0,1500,1500.0,1.0,40.0,0.25
440,9020.0,0.036392212,Vp,15.0,20,750.0,20.0,1500.0,1500,1500.0,1.0,40.0,0.25
441,9030.0,-0.17665863,Vp,15.0,20,750.0,20.0,1500.0,1500,1500.0,1.0,40.0,0.25
442,9040.0,-0.3454666,Vp,15.0,20,750.0,20.0,1500.0,1500,1500.0,1.0,40.0,0.25
443,9050.0,-0.54907227,Vp,15.0,20,750.0,20.0,1500.0,1500,1500.0,1.0,40.0,0.25
444,9060.0,-0.2284813,Vp,15.0,20,750.0,20.0,1500.0,1500,1500.0,1.0,40.0,0.25
445,9070.0,-0.19370651,Vp,15.0,20,750.0,20.0,1500.0,1500,1500.0,1.0,40.0,0.25
446,9080.0,-0.49315643,Vp,15.0,20,750.0,20.0,1500.0,1500,1500.0,1.0,40.0,0.25
447,9090.0,-0.56759644,Vp,15.0,20,750.0,20.0,1500.0,1500,1500.0,1.0,40.0,0.25
448,9100.0,-0.42807388,Vp,15.0,20,750.0,20.0,1500.0,1500,1500.0,1.0,40.0,0.25
449,9110.0,-0.2963333,Vp,15.0,20,750.0,20.0,1500.0,1500,1500.0,1.0,40.0,0.25
450,9120.0,-0.28040314,Vp,15.0,20,750.0,20.0,1500.0,1500,1500.0,1.0,40.0,0.25
451,9130.0,-0.31676102,Vp,15.0,20,750.0,20.0,1500.0,1500,1500.0,1.0,40.0,0.25
452,10750.0,-0.3383255,Vp,15.0,20,750.0,20.0,1500.0,1500,1500.0,1.0,40.0,0.25
453,10760.0,-0.37291336,Vp,15.0,20,750.0,20.0,1500.0,1500,1500.0,1.0,40.0,0.25
454,10770.0,-0.61452866,Vp,15.0,20,750.0,20.0,1500.0,1500,1500.0,1.0,40.0,0.25
455,10780.0,-0.6177063,Vp,15.0,20,750.0,20.0,1500.0,1500,1500.0,1.0,40.0,0.25
456,10790.0,-0.3789215,Vp,15.0,20,750.0,20.0,1500.0,1500,1500.0,1.0,40.0,0.25
457,10800.0,-0.58553314,Vp,15.0,20,750.0,20.0,1500.0,1500,1500.0,1.0,40.0,0.25
458,10810.0,-0.46110916,Vp,15.0,20,750.0,20.0,1500.0,1500,1500.0,1.0,40.0,0.25
459,10820.0,-0.31616974,Vp,15.0,20,750.0,20.0,1500.0,1500,1500.0,1.0,40.0,0.25
460,10830.0,-0.43716812,Vp,15.0,20,750.0,20.0,1500.0,1500,1500.0,1.0,40.0,0.25
461,10840.0,-0.34851074,Vp,15.0,20,750.0,20.0,1500.0,1500,1500.0,1.0,40.0,0.25
462,10850.0,-0.28468323,Vp,15.0,20,750.0,20.0,1500.0,1500,1500.0,1.0,40.0,0.25
463,10860.0,-0.4727745,Vp,15.0,20,750.0,20.0,1500.0,1500,1500.0,1.0,40.0,0.25
464,10870.0,-0.6832199,Vp,15.0,20,750.0,20.0,1500.0,1500,1500.0,1.0,40.0,0.25
465,10880.0,-0.41490555,Vp,15.0,20,750.0,20.0,1500.0,1500,1500.0,1.0,40.0,0.25
466,10890.0,-0.188797,Vp,15.0,20,750.0,20.0,1500.0,1500,1500.0,1.0,40.0,0.25
467,10900.0,-0.43798065,Vp,15.0,20,750.0,20.0,1500.0,1500,1500.0,1.0,40.0,0.25
468,10910.0,-0.35269165,Vp,15.0,20,750.0,20.0,1500.0,1500,1500.0,1.0,40.0,0.25
469,10920.0,-0.2758789,Vp,15.0,20,750.0,20.0,1500.0,1500,1500.0,1.0,40.0,0.25
470,10930.0,-0.58369446,Vp,15.0,20,750.0,20.0,1500.0,1500,1500.0,1.0,40.0,0.25
471,10940.0,-0.47093964,Vp,15.0,20,750.0,20.0,1500.0,1500,1500.0,1.0,40.0,0.25
472,10950.0,-0.28186798,Vp,15.0,20,750.0,20.0,1500.0,1500,1500.0,1.0,40.0,0.25
473,10960.0,-0.36004257,Vp,15.0,20,750.0,20.0,1500.0,1500,1500.0,1.0,40.0,0.25
474,10970.0,-0.4318428,Vp,15.0,20,750.0,20.0,1500.0,1500,1500.0,1.0,40.0,0.25
475,10980.0,-0.3882141,Vp,15.0,20,750.0,20.0,1500.0,1500,1500.0,1.0,40.0,0.25
476,10990.0,-0.22644043,Vp,15.0,20,750.0,20.0,1500.0,1500,1500.0,1.0,40.0,0.25
477,11000.0,-0.27810287,Vp,15.0,20,750.0,20.0,1500.0,1500,1500.0,1.0,40.0,0.25
478,11010.0,-0.47481155,Vp,15.0,20,750.0,20.0,1500.0,1500,1500.0,1.0,40.0,0.25
479,11020.0,-0.63970566,Vp,15.0,20,750.0,20.0,1500.0,1500,1500.0,1.0,40.0,0.25
480,11030.0,-0.47751236,Vp,15.0,20,750.0,20.0,1500.0,1500,1500.0,1.0,40.0,0.25
481,11040.0,-0.3255577,Vp,15.0,20,750.0,20.0,1500.0,1500,1500.0,1.0,40.0,0.25
482,11050.0,-0.19783783,Vp,15.0,20,750.0,20.0,1500.0,1500,1500.0,1.0,40.0,0.25
483,11060.0,-0.06525421,Vp,15.0,20,750.0,20.0,1500.0,1500,1500.0,1.0,40.0,0.25
484,11070.0,-0.28797913,Vp,15.0,20,750.0,20.0,1500.0,1500,1500.0,1.0,40.0,0.25
485,11080.0,-0.73883057,Vp,15.0,20,750.0,20.0,1500.0,1500,1500.0,1.0,40.0,0.25
486,11090.0,-0.665184,Vp,15.0,20,750.0,20.0,1500.0,1500,1500.0,1.0,40.0,0.25
487,11100.0,-0.02702713,Vp,15.0,20,750.0,20.0,1500.0,1500,1500.0,1.0,40.0,0.25
488,11110.0,-0.043506622,Vp,15.0,20,750.0,20.0,1500.0,1500,1500.0,1.0,40.0,0.25
489,11120.0,-0.5138321,Vp,15.0,20,750.0,20.0,1500.0,1500,1500.0,1.0,40.0,0.25
490,11130.0,-0.34738922,Vp,15.0,20,750.0,20.0,1500.0,1500,1500.0,1.0,40.0,0.25
491,11140.0,-0.11791611,Vp,15.0,20,750.0,20.0,1500.0,1500,1500.0,1.0,40.0,0.25
492,11150.0,-0.45360184,Vp,15.0,20,750.0,20.0,1500.0,1500,1500.0,1.0,40.0,0.25
493,11160.0,-0.52254486,Vp,15.0,20,750.0,20.0,1500.0,1500,1500.0,1.0,40.0,0.25
494,11170.0,-0.27680206,Vp,15.0,20,750.0,20.0,1500.0,1500,1500.0,1.0,40.0,0.25
495,11180.0,-0.24877548,Vp,15.0,20,750.0,20.0,1500.0,1500,1500.0,1.0,40.0,0.25
496,11190.0,-0.66030884,Vp,15.0,20,750.0,20.0,1500.0,1500,1500.0,1.0,40.0,0.25
497,11200.0,-0.5886841,Vp,15.0,20,750.0,20.0,1500.0,1500,1500.0,1.0,40.0,0.25
498,11210.0,-0.21310043,Vp,15.0,20,750.0,20.0,1500.0,1500,1500.0,1.0,40.0,0.25
499,11220.0,-0.1109314,Vp,15.0,20,750.0,20.0,1500.0,1500,1500.0,1.0,40.0,0.25
500,11230.0,-0.44623947,Vp,15.0,20,750.0,20.0,1500.0,1500,1500.0,1.0,40.0,0.25
501,11240.0,-0.71287537,Vp,15.0,20,750.0,20.0,1500.0,1500,1500.0,1.0,40.0,0.25
502,11250.0,-0.46728516,Vp,15.0,20,750.0,20.0,1500.0,1500,1500.0,1.0,40.0,0.25
503,11260.0,-0.20479965,Vp,15.0,20,750.0,20.0,1500.0,1500,1500.0,1.0,40.0,0.25
504,11270.0,-0.41716385,Vp,15.0,20,750.0,20.0,1500.0,1500,1500.0,1.0,40.0,0.25
505,11280.0,-0.5702057,Vp,15.0,20,750.0,20.0,1500.0,1500,1500.0,1.0,40.0,0.25
506,11290.0,-0.4500122,Vp,15.0,20,750.0,20.0,1500.0,1500,1500.0,1.0,40.0,0.25
507,11300.0,-0.5705795,Vp,15.0,20,750.0,20.0,1500.0,1500,1500.0,1.0,40.0,0.25
508,11310.0,-0.37436295,Vp,15.0,20,750.0,20.0,1500.0,1500,1500.0,1.0,40.0,0.25
509,11320.0,-0.42014694,Vp,15.0,20,750.0,20.0,1500.0,1500,1500.0,1.0,40.0,0.25
510,11330.0,-0.4508438,Vp,15.0,20,750.0,20.0,1500.0,1500,1500.0,1.0,40.0,0.25
511,11340.0,-0.47721863,Vp,15.0,20,750.0,20.0,1500.0,1500,1500.0,1.0,40.0,0.25
512,11350.0,-0.4490776,Vp,15.0,20,750.0,20.0,1500.0,1500,1500.0,1.0,40.0,0.25
513,11360.0,-0.5892601,Vp,15.0,20,750.0,20.0,1500.0,1500,1500.0,1.0,40.0,0.25
514,11370.0,-0.4984169,Vp,15.0,20,750.0,20.0,1500.0,1500,1500.0,1.0,40.0,0.25
515,11380.0,-0.3089447,Vp,15.0,20,750.0,20.0,1500.0,1500,1500.0,1.0,40.0,0.25
516,11390.0,-0.17065048,Vp,15.0,20,750.0,20.0,1500.0,1500,1500.0,1.0,40.0,0.25
517,11400.0,-0.55989075,Vp,15.0,20,750.0,20.0,1500.0,1500,1500.0,1.0,40.0,0.25
518,11410.0,-0.45898438,Vp,15.0,20,750.0,20.0,1500.0,1500,1500.0,1.0,40.0,0.25
519,11420.0,-0.28142166,Vp,15.0,20,750.0,20.0,1500.0,1500,1500.0,1.0,40.0,0.25
520,11430.0,-0.27373505,Vp,15.0,20,750.0,20.0,1500.0,1500,1500.0,1.0,40.0,0.25
521,11440.0,-0.4674797,Vp,15.0,20,750.0,20.0,1500.0,1500,1500.0,1.0,40.0,0.25
522,11450.0,-0.6509514,Vp,15.0,20,750.0,20.0,1500.0,1500,1500.0,1.0,40.0,0.25
523,11460.0,-0.35588074,Vp,15.0,20,750.0,20.0,1500.0,1500,1500.0,1.0,40.0,0.25
524,11470.0,-0.2174797,Vp,15.0,20,750.0,20.0,1500.0,1500,1500.0,1.0,40.0,0.25
525,11480.0,-0.4467125,Vp,15.0,20,750.0,20.0,1500.0,1500,1500.0,1.0,40.0,0.25
526,11490.0,-0.47124863,Vp,15.0,20,750.0,20.0,1500.0,1500,1500.0,1.0,40.0,0.25
527,11500.0,0.36891556,Vp,15.0,20,750.0,20.0,1500.0,1500,1500.0,1.0,40.0,0.25
528,11510.0,5.212822,Vp,15.0,20,750.0,20.0,1500.0,1500,1500.0,1.0,40.0,0.25
529,11520.0,6.693306,Vp,15.0,20,750.0,20.0,1500.0,1500,1500.0,1.0,40.0,0.25
530,11530.0,5.714653,Vp,15.0,20,750.0,20.0,1500.0,1500,1500.0,1.0,40.0,0.25
531,11540.0,4.471977,Vp,15.0,20,750.0,20.0,1500.0,1500,1500.0,1.0,40.0,0.25
532,11550.0,3.492405,Vp,15.0,20,750.0,20.0,1500.0,1500,1500.0,1.0,40.0,0.25
533,11560.0,2.8240318,Vp,15.0,20,750.0,20.0,1500.0,1500,1500.0,1.0,40.0,0.25
534,11570.0,2.3921585,Vp,15.0,20,750.0,20.0,1500.0,1500,1500.0,1.0,40.0,0.25
535,11580.0,2.1166992,Vp,15.0,20,750.0,20.0,1500.0,1500,1500.0,1.0,40.0,0.25
536,11590.0,1.9167366,Vp,15.0,20,750.0,20.0,1500.0,1500,1500.0,1.0,40.0,0.25
537,11600.0,1.7844276,Vp,15.0,20,750.0,20.0,1500.0,1500,1500.0,1.0,40.0,0.25
538,11610.0,1.6847649,Vp,15.0,20,750.0,20.0,1500.0,1500,1500.0,1.0,40.0,0.25
539,11620.0,1.6161766,Vp,15.0,20,750.0,20.0,1500.0,1500,1500.0,1.0,40.0,0.25
540,11630.0,1.5815353,Vp,15.0,20,750.0,20.0,1500.0,1500,1500.0,1.0,40.0,0.25
541,11640.0,1.5313683,Vp,15.0,20,750.0,20.0,1500.0,1500,1500.0,1.0,40.0,0.25
542,11650.0,1.50914,Vp,15.0,20,750.0,20.0,1500.0,1500,1500.0,1.0,40.0,0.25
543,11660.0,1.4790993,Vp,15.0,20,750.0,20.0,1500.0,1500,1500.0,1.0,40.0,0.25
544,11670.0,1.42062,Vp,15.0,20,750.0,20.0,1500.0,1500,1500.0,1.0,40.0,0.25
545,11680.0,1.3896027,Vp,15.0,20,750.0,20.0,1500.0,1500,1500.0,1.0,40.0,0.25
546,11690.0,1.3845558,Vp,15.0,20,750.0,20.0,1500.0,1500,1500.0,1.0,40.0,0.25
547,11700.0,1.3676033,Vp,15.0,20,750.0,20.0,1500.0,1500,1500.0,1.0,40.0,0.25
548,11710.0,1.2972488,Vp,15.0,20,750.0,20.0,1500.0,1500,1500.0,1.0,40.0,0.25
549,11720.0,1.2700729,Vp,15.0,20,750.0,20.0,1500.0,1500,1500.0,1.0,40.0,0.25
550,11730.0,1.1818352,Vp,15.0,20,750.0,20.0,1500.0,1500,1500.0,1.0,40.0,0.25
551,11740.0,1.1364479,Vp,15.0,20,750.0,20.0,1500.0,1500,1500.0,1.0,40.0,0.25
552,11750.0,1.1012955,Vp,15.0,20,750.0,20.0,1500.0,1500,1500.0,1.0,40.0,0.25
553,11760.0,1.0069313,Vp,15.0,20,750.0,20.0,1500.0,1500,1500.0,1.0,40.0,0.25
554,11770.0,0.9062767,Vp,15.0,20,750.0,20.0,1500.0,1500,1500.0,1.0,40.0,0.25
555,11780.0,0.8104172,Vp,15.0,20,750.0,20.0,1500.0,1500,1500.0,1.0,40.0,0.25
556,11790.0,0.7420044,Vp,15.0,20,750.0,20.0,1500.0,1500,1500.0,1.0,40.0,0.25
557,11800.0,0.60046005,Vp,15.0,20,750.0,20.0,1500.0,1500,1500.0,1.0,40.0,0.25
558,11810.0,0.5097084,Vp,15.0,20,750.0,20.0,1500.0,1500,1500.0,1.0,40.0,0.25
559,11820.0,0.4192047,Vp,15.0,20,750.0,20.0,1500.0,1500,1500.0,1.0,40.0,0.25
560,11830.0,0.24340057,Vp,15.0,20,750.0,20.0,1500.0,1500,1500.0,1.0,40.0,0.25
561,11840.0,0.17929459,Vp,15.0,20,750.0,20.0,1500.0,1500,1500.0,1.0,40.0,0.25
562,11850.0,-0.0010528564,Vp,15.0,20,750.0,20.0,1500.0,1500,1500.0,1.0,40.0,0.25
563,11860.0,0.025356293,Vp,15.0,20,750.0,20.0,1500.0,1500,1500.0,1.0,40.0,0.25
564,11870.0,0.05387497,Vp,15.0,20,750.0,20.0,1500.0,1500,1500.0,1.0,40.0,0.25
565,11880.0,-0.014274597,Vp,15.0,20,750.0,20.0,1500.0,1500,1500.0,1.0,40.0,0.25
566,11890.0,-0.1855545,Vp,15.0,20,750.0,20.0,1500.0,1500,1500.0,1.0,40.0,0.25
567,11900.0,-0.24711609,Vp,15.0,20,750.0,20.0,1500.0,1500,1500.0,1.0,40.0,0.25
568,11910.0,-0.289711,Vp,15.0,20,750.0,20.0,1500.0,1500,1500.0,1.0,40.0,0.25
569,11920.0,-0.25813293,Vp,15.0,20,750.0,20.0,1500.0,1500,1500.0,1.0,40.0,0.25
570,11930.0,-0.2928009,Vp,15.0,20,750.0,20.0,1500.0,1500,1500.0,1.0,40.0,0.25
571,11940.0,-0.3240776,Vp,15.0,20,750.0,20.0,1500.0,1500,1500.0,1.0,40.0,0.25
572,11950.0,-0.3534584,Vp,15.0,20,750.0,20.0,1500.0,1500,1500.0,1.0,40.0,0.25
573,11960.0,-0.3562088,Vp,15.0,20,750.0,20.0,1500.0,1500,1500.0,1.0,40.0,0.25
574,11970.0,-0.33021927,Vp,15.0,20,750.0,20.0,1500.0,1500,1500.0,1.0,40.0,0.25
575,11980.0,-0.19096375,Vp,15.0,20,750.0,20.0,1500.0,1500,1500.0,1.0,40.0,0.25
576,11990.0,-0.2869873,Vp,15.0,20,750.0,20.0,1500.0,1500,1500.0,1.0,40.0,0.25
577,12000.0,-0.40411377,Vp,15.0,20,750.0,20.0,1500.0,1500,1500.0,1.0,40.0,0.25
578,12010.0,-0.17975616,Vp,15.0,20,750.0,20.0,1500.0,1500,1500.0,1.0,40.0,0.25
579,12020.0,-0.40710068,Vp,15.0,20,750.0,20.0,1500.0,1500,1500.0,1.0,40.0,0.25
580,12030.0,-0.32035446,Vp,15.0,20,750.0,20.0,1500.0,1500,1500.0,1.0,40.0,0.25
581,12040.0,-0.07512665,Vp,15.0,20,750.0,20.0,1500.0,1500,1500.0,1.0,40.0,0.25
582,12050.0,-0.18884659,Vp,15.0,20,750.0,20.0,1500.0,1500,1500.0,1.0,40.0,0.25
583,12060.0,-0.3800621,Vp,15.0,20,750.0,20.0,1500.0,1500,1500.0,1.0,40.0,0.25
584,12070.0,-0.31575394,Vp,15.0,20,750.0,20.0,1500.0,1500,1500.0,1.0,40.0,0.25
585,12080.0,-0.05739212,Vp,15.0,20,750.0,20.0,1500.0,1500,1500.0,1.0,40.0,0.25
586,12090.0,-0.0847435,Vp,15.0,20,750.0,20.0,1500.0,1500,1500.0,1.0,40.0,0.25
587,12100.0,-0.43626022,Vp,15.0,20,750.0,20.0,1500.0,1500,1500.0,1.0,40.0,0.25
588,12110.0,-0.30576706,Vp,15.0,20,750.0,20.0,1500.0,1500,1500.0,1.0,40.0,0.25
589,12120.0,0.021881104,Vp,15.0,20,750.0,20.0,1500.0,1500,1500.0,1.0,40.0,0.25
590,12130.0,-0.1771965,Vp,15.0,20,750.0,20.0,1500.0,1500,1500.0,1.0,40.0,0.25
591,12140.0,-0.21498871,Vp,15.0,20,750.0,20.0,1500.0,1500,1500.0,1.0,40.0,0.25
592,12150.0,-0.29794312,Vp,15.0,20,750.0,20.0,1500.0,1500,1500.0,1.0,40.0,0.25
593,12160.0,-0.4502411,Vp,15.0,20,750.0,20.0,1500.0,1500,1500.0,1.0,40.0,0.25
594,12170.0,-0.14455032,Vp,15.0,20,750.0,20.0,1500.0,1500,1500.0,1.0,40.0,0.25
595,12180.0,-0.016475677,Vp,15.0,20,750.0,20.0,1500.0,1500,1500.0,1.0,40.0,0.25
596,12190.0,-0.23637772,Vp,15.0,20,750.0,20.0,1500.0,1500,1500.0,1.0,40.0,0.25
597,12200.0,-0.27098083,Vp,15.0,20,750.0,20.0,1500.0,1500,1500.0,1.0,40.0,0.25
598,12210.0,-0.3526764,Vp,15.0,20,750.0,20.0,1500.0,1500,1500.0,1.0,40.0,0.25
599,12220.0,-0.26524734,Vp,15.0,20,750.0,20.0,1500.0,1500,1500.0,1.0,40.0,0.25
600,12230.0,-0.07336044,Vp,15.0,20,750.0,20.0,1500.0,1500,1500.0,1.0,40.0,0.25
601,12240.0,-0.22708511,Vp,15.0,20,750.0,20.0,1500.0,1500,1500.0,1.0,40.0,0.25
602,12250.0,-0.4326439,Vp,15.0,20,750.0,20.0,1500.0,1500,1500.0,1.0,40.0,0.25
603,12260.0,-0.14646912,Vp,15.0,20,750.0,20.0,1500.0,1500,1500.0,1.0,40.0,0.25
604,12270.0,-0.11705017,Vp,15.0,20,750.0,20.0,1500.0,1500,1500.0,1.0,40.0,0.25
605,12280.0,-0.19240952,Vp,15.0,20,750.0,20.0,1500.0,1500,1500.0,1.0,40.0,0.25
606,12290.0,-0.25458145,Vp,15.0,20,750.0,20.0,1500.0,1500,1500.0,1.0,40.0,0.25
607,12300.0,-0.29747772,Vp,15.0,20,750.0,20.0,1500.0,1500,1500.0,1.0,40.0,0.25
608,12310.0,-0.28866196,Vp,15.0,20,750.0,20.0,1500.0,1500,1500.0,1.0,40.0,0.25
609,12320.0,-0.36829376,Vp,15.0,20,750.0,20.0,1500.0,1500,1500.0,1.0,40.0,0.25
610,12330.0,-0.1828537,Vp,15.0,20,750.0,20.0,1500.0,1500,1500.0,1.0,40.0,0.25
611,12340.0,-0.1869278,Vp,15.0,20,750.0,20.0,1500.0,1500,1500.0,1.0,40.0,0.25
612,12350.0,-0.2713585,Vp,15.0,20,750.0,20.0,1500.0,1500,1500.0,1.0,40.0,0.25
613,12360.0,-0.35115814,Vp,15.0,20,750.0,20.0,1500.0,1500,1500.0,1.0,40.0,0.25
614,12370.0,-0.36137772,Vp,15.0,20,750.0,20.0,1500.0,1500,1500.0,1.0,40.0,0.25
615,12380.0,-0.26607513,Vp,15.0,20,750.0,20.0,1500.0,1500,1500.0,1.0,40.0,0.25
616,12390.0,-0.27303696,Vp,15.0,20,750.0,20.0,1500.0,1500,1500.0,1.0,40.0,0.25
617,12400.0,-0.17516708,Vp,15.0,20,750.0,20.0,1500.0,1500,1500.0,1.0,40.0,0.25
618,12410.0,-0.32004547,Vp,15.0,20,750.0,20.0,1500.0,1500,1500.0,1.0,40.0,0.25
619,12420.0,-0.40075302,Vp,15.0,20,750.0,20.0,1500.0,1500,1500.0,1.0,40.0,0.25
620,12430.0,-0.3322296,Vp,15.0,20,750.0,20.0,1500.0,1500,1500.0,1.0,40.0,0.25
621,12440.0,0.01517868,Vp,15.0,20,750.0,20.0,1500.0,1500,1500.0,1.0,40.0,0.25
622,12450.0,-0.30750656,Vp,15.0,20,750.0,20.0,1500.0,1500,1500.0,1.0,40.0,0.25
623,12460.0,-0.5492821,Vp,15.0,20,750.0,20.0,1500.0,1500,1500.0,1.0,40.0,0.25
624,12470.0,-0.113788605,Vp,15.0,20,750.0,20.0,1500.0,1500,1500.0,1.0,40.0,0.25
625,12480.0,-0.1517868,Vp,15.0,20,750.0,20.0,1500.0,1500,1500.0,1.0,40.0,0.25
626,12490.0,-0.35030746,Vp,15.0,20,750.0,20.0,1500.0,1500,1500.0,1.0,40.0,0.25
627,12500.0,-0.3633957,Vp,15.0,20,750.0,20.0,1500.0,1500,1500.0,1.0,40.0,0.25
628,12510.0,-0.2994194,Vp,15.0,20,750.0,20.0,1500.0,1500,1500.0,1.0,40.0,0.25
629,12520.0,-0.30064774,Vp,15.0,20,750.0,20.0,1500.0,1500,1500.0,1.0,40.0,0.25
630,12530.0,-0.33501816,Vp,15.0,20,750.0,20.0,1500.0,1500,1500.0,1.0,40.0,0.25
631,12540.0,-0.18422699,Vp,15.0,20,750.0,20.0,1500.0,1500,1500.0,1.0,40.0,0.25
632,12550.0,-0.1401825,Vp,15.0,20,750.0,20.0,1500.0,1500,1500.0,1.0,40.0,0.25
633,12560.0,-0.38436127,Vp,15.0,20,750.0,20.0,1500.0,1500,1500.0,1.0,40.0,0.25
634,12570.0,-0.330616,Vp,15.0,20,750.0,20.0,1500.0,1500,1500.0,1.0,40.0,0.25
635,12580.0,-0.5295639,Vp,15.0,20,750.0,20.0,1500.0,1500,1500.0,1.0,40.0,0.25
636,12590.0,-0.37405396,Vp,15.0,20,750.0,20.0,1500.0,1500,1500.0,1.0,40.0,0.25
637,12600.0,-0.041240692,Vp,15.0,20,750.0,20.0,1500.0,1500,1500.0,1.0,40.0,0.25
638,12610.0,-0.27126694,Vp,15.0,20,750.0,20.0,1500.0,1500,1500.0,1.0,40.0,0.25
639,12620.0,-0.46001816,Vp,15.0,20,750.0,20.0,1500.0,1500,1500.0,1.0,40.0,0.25
640,12630.0,-0.073970795,Vp,15.0,20,750.0,20.0,1500.0,1500,1500.0,1.0,40.0,0.25
641,12640.0,-0.3108139,Vp,15.0,20,750.0,20.0,1500.0,1500,1500.0,1.0,40.0,0.25
642,12650.0,-0.49982452,Vp,15.0,20,750.0,20.0,1500.0,1500,1500.0,1.0,40.0,0.25
643,12660.0,-0.12434769,Vp,15.0,20,750.0,20.0,1500.0,1500,1500.0,1.0,40.0,0.25
644,12670.0,-0.25592804,Vp,15.0,20,750.0,20.0,1500.0,1500,1500.0,1.0,40.0,0.25
645,12680.0,-0.45658493,Vp,15.0,20,750.0,20.0,1500.0,1500,1500.0,1.0,40.0,0.25
646,12690.0,-0.25730133,Vp,15.0,20,750.0,20.0,1500.0,1500,1500.0,1.0,40.0,0.25
647,12700.0,-0.23453522,Vp,15.0,20,750.0,20.0,1500.0,1500,1500.0,1.0,40.0,0.25
648,12710.0,-0.18878555,Vp,15.0,20,750.0,20.0,1500.0,1500,1500.0,1.0,40.0,0.25
649,12720.0,-0.18411255,Vp,15.0,20,750.0,20.0,1500.0,1500,1500.0,1.0,40.0,0.25
650,12730.0,-0.4250908,Vp,15.0,20,750.0,20.0,1500.0,1500,1500.0,1.0,40.0,0.25
651,12740.0,-0.2725067,Vp,15.0,20,750.0,20.0,1500.0,1500,1500.0,1.0,40.0,0.25
652,12750.0,-0.14502335,Vp,15.0,20,750.0,20.0,1500.0,1500,1500.0,1.0,40.0,0.25
653,12760.0,-0.26326752,Vp,15.0,20,750.0,20.0,1500.0,1500,1500.0,1.0,40.0,0.25
654,12770.0,-0.24934769,Vp,15.0,20,750.0,20.0,1500.0,1500,1500.0,1.0,40.0,0.25
655,12780.0,-0.40457916,Vp,15.0,20,750.0,20.0,1500.0,1500,1500.0,1.0,40.0,0.25
656,12790.0,-0.24702835,Vp,15.0,20,750.0,20.0,1500.0,1500,1500.0,1.0,40.0,0.25
657,12800.0,-0.41989517,Vp,15.0,20,750.0,20.0,1500.0,1500,1500.0,1.0,40.0,0.25
658,12810.0,-0.37574005,Vp,15.0,20,750.0,20.0,1500.0,1500,1500.0,1.0,40.0,0.25
659,12820.0,-0.2034378,Vp,15.0,20,750.0,20.0,1500.0,1500,1500.0,1.0,40.0,0.25
660,12830.0,-0.3706932,Vp,15.0,20,750.0,20.0,1500.0,1500,1500.0,1.0,40.0,0.25
661,12840.0,-0.5833359,Vp,15.0,20,750.0,20.0,1500.0,1500,1500.0,1.0,40.0,0.25
662,12850.0,-0.016532898,Vp,15.0,20,750.0,20.0,1500.0,1500,1500.0,1.0,40.0,0.25
663,12860.0,-0.21038055,Vp,15.0,20,750.0,20.0,1500.0,1500,1500.0,1.0,40.0,0.25
664,12870.0,-0.70977783,Vp,15.0,20,750.0,20.0,1500.0,1500,1500.0,1.0,40.0,0.25
665,12880.0,-0.5075226,Vp,15.0,20,750.0,20.0,1500.0,1500,1500.0,1.0,40.0,0.25
666,12890.0,-0.31874847,Vp,15.0,20,750.0,20.0,1500.0,1500,1500.0,1.0,40.0,0.25
667,12900.0,-0.33609772,Vp,15.0,20,750.0,20.0,1500.0,1500,1500.0,1.0,40.0,0.25
668,12910.0,-0.21180725,Vp,15.0,20,750.0,20.0,1500.0,1500,1500.0,1.0,40.0,0.25
669,12920.0,-0.48957825,Vp,15.0,20,750.0,20.0,1500.0,1500,1500.0,1.0,40.0,0.25
670,12930.0,-0.40820312,Vp,15.0,20,750.0,20.0,1500.0,1500,1500.0,1.0,40.0,0.25
671,12940.0,-0.32463074,Vp,15.0,20,750.0,20.0,1500.0,1500,1500.0,1.0,40.0,0.25
672,12950.0,-0.23240662,Vp,15.0,20,750.0,20.0,1500.0,1500,1500.0,1.0,40.0,0.25
673,12960.0,-0.488266,Vp,15.0,20,750.0,20.0,1500.0,1500,1500.0,1.0,40.0,0.25
674,12970.0,-0.55386734,Vp,15.0,20,750.0,20.0,1500.0,1500,1500.0,1.0,40.0,0.25
675,12980.0,-0.33784103,Vp,15.0,20,750.0,20.0,1500.0,1500,1500.0,1.0,40.0,0.25
676,12990.0,-0.43670654,Vp,15.0,20,750.0,20.0,1500.0,1500,1500.0,1.0,40.0,0.25
677,13000.0,-0.3251686,Vp,15.0,20,750.0,20.0,1500.0,1500,1500.0,1.0,40.0,0.25
678,15920.0,-0.44131088,Vp,15.0,20,750.0,20.0,1500.0,1500,1500.0,1.0,40.0,0.25
679,15930.0,-0.39783096,Vp,15.0,20,750.0,20.0,1500.0,1500,1500.0,1.0,40.0,0.25
680,15940.0,-0.3208351,Vp,15.0,20,750.0,20.0,1500.0,1500,1500.0,1.0,40.0,0.25
681,15950.0,-0.49170303,Vp,15.0,20,750.0,20.0,1500.0,1500,1500.0,1.0,40.0,0.25
682,15960.0,-0.42296982,Vp,15.0,20,750.0,20.0,1500.0,1500,1500.0,1.0,40.0,0.25
683,15970.0,-0.3392601,Vp,15.0,20,750.0,20.0,1500.0,1500,1500.0,1.0,40.0,0.25
684,15980.0,-0.5167999,Vp,15.0,20,750.0,20.0,1500.0,1500,1500.0,1.0,40.0,0.25
685,15990.0,-0.43519592,Vp,15.0,20,750.0,20.0,1500.0,1500,1500.0,1.0,40.0,0.25
686,16000.0,-0.18711472,Vp,15.0,20,750.0,20.0,1500.0,1500,1500.0,1.0,40.0,0.25
687,16010.0,-0.4343071,Vp,15.0,20,750.0,20.0,1500.0,1500,1500.0,1.0,40.0,0.25
688,16020.0,-0.5829315,Vp,15.0,20,750.0,20.0,1500.0,1500,1500.0,1.0,40.0,0.25
689,16030.0,-0.4577713,Vp,15.0,20,750.0,20.0,1500.0,1500,1500.0,1.0,40.0,0.25
690,16040.0,-0.31845856,Vp,15.0,20,750.0,20.0,1500.0,1500,1500.0,1.0,40.0,0.25
691,16050.0,-0.29711533,Vp,15.0,20,750.0,20.0,1500.0,1500,1500.0,1.0,40.0,0.25
692,16060.0,-0.34104538,Vp,15.0,20,750.0,20.0,1500.0,1500,1500.0,1.0,40.0,0.25
693,16070.0,-0.5255203,Vp,15.0,20,750.0,20.0,1500.0,1500,1500.0,1.0,40.0,0.25
694,16080.0,-0.60770035,Vp,15.0,20,750.0,20.0,1500.0,1500,1500.0,1.0,40.0,0.25
695,16090.0,-0.3979416,Vp,15.0,20,750.0,20.0,1500.0,1500,1500.0,1.0,40.0,0.25
696,16100.0,-0.20105362,Vp,15.0,20,750.0,20.0,1500.0,1500,1500.0,1.0,40.0,0.25
697,16110.0,-0.45702362,Vp,15.0,20,750.0,20.0,1500.0,1500,1500.0,1.0,40.0,0.25
698,16120.0,-0.5779724,Vp,15.0,20,750.0,20.0,1500.0,1500,1500.0,1.0,40.0,0.25
699,16130.0,-0.4390335,Vp,15.0,20,750.0,20.0,1500.0,1500,1500.0,1.0,40.0,0.25
700,16140.0,-0.51366425,Vp,15.0,20,750.0,20.0,1500.0,1500,1500.0,1.0,40.0,0.25
701,16150.0,-0.5625076,Vp,15.0,20,750.0,20.0,1500.0,1500,1500.0,1.0,40.0,0.25
702,16160.0,-0.2902527,Vp,15.0,20,750.0,20.0,1500.0,1500,1500.0,1.0,40.0,0.25
703,16170.0,-0.42126083,Vp,15.0,20,750.0,20.0,1500.0,1500,1500.0,1.0,40.0,0.25
704,16180.0,-0.42739105,Vp,15.0,20,750.0,20.0,1500.0,1500,1500.0,1.0,40.0,0.25
705,16190.0,-0.48186874,Vp,15.0,20,750.0,20.0,1500.0,1500,1500.0,1.0,40.0,0.25
706,16200.0,-0.3852806,Vp,15.0,20,750.0,20.0,1500.0,1500,1500.0,1.0,40.0,0.25
707,16210.0,-0.61507416,Vp,15.0,20,750.0,20.0,1500.0,1500,1500.0,1.0,40.0,0.25
708,16220.0,-0.61935425,Vp,15.0,20,750.0,20.0,1500.0,1500,1500.0,1.0,40.0,0.25
709,16230.0,-0.4309311,Vp,15.0,20,750.0,20.0,1500.0,1500,1500.0,1.0,40.0,0.25
710,16240.0,-0.33529663,Vp,15.0,20,750.0,20.0,1500.0,1500,1500.0,1.0,40.0,0.25
711,16250.0,-0.40924835,Vp,15.0,20,750.0,20.0,1500.0,1500,1500.0,1.0,40.0,0.25
712,16260.0,-0.52892685,Vp,15.0,20,750.0,20.0,1500.0,1500,1500.0,1.0,40.0,0.25
713,16270.0,-0.3635521,Vp,15.0,20,750.0,20.0,1500.0,1500,1500.0,1.0,40.0,0.25
714,16280.0,-0.41377258,Vp,15.0,20,750.0,20.0,1500.0,1500,1500.0,1.0,40.0,0.25
715,16290.0,-0.43310547,Vp,15.0,20,750.0,20.0,1500.0,1500,1500.0,1.0,40.0,0.25
716,16300.0,-0.3777237,Vp,15.0,20,750.0,20.0,1500.0,1500,1500.0,1.0,40.0,0.25
717,16310.0,-0.54022217,Vp,15.0,20,750.0,20.0,1500.0,1500,1500.0,1.0,40.0,0.25
718,16320.0,-0.38975906,Vp,15.0,20,750.0,20.0,1500.0,1500,1500.0,1.0,40.0,0.25
719,16330.0,-0.3372116,Vp,15.0,20,750.0,20.0,1500.0,1500,1500.0,1.0,40.0,0.25
720,16340.0,-0.35404587,Vp,15.0,20,750.0,20.0,1500.0,1500,1500.0,1.0,40.0,0.25
721,16350.0,-0.4973564,Vp,15.0,20,750.0,20.0,1500.0,1500,1500.0,1.0,40.0,0.25
722,16360.0,-0.31792068,Vp,15.0,20,750.0,20.0,1500.0,1500,1500.0,1.0,40.0,0.25
723,16370.0,-0.39898682,Vp,15.0,20,750.0,20.0,1500.0,1500,1500.0,1.0,40.0,0.25
724,16380.0,-0.46910095,Vp,15.0,20,750.0,20.0,1500.0,1500,1500.0,1.0,40.0,0.25
725,16390.0,-0.405941,Vp,15.0,20,750.0,20.0,1500.0,1500,1500.0,1.0,40.0,0.25
726,16400.0,-0.21466827,Vp,15.0,20,750.0,20.0,1500.0,1500,1500.0,1.0,40.0,0.25
727,16410.0,-0.27791977,Vp,15.0,20,750.0,20.0,1500.0,1500,1500.0,1.0,40.0,0.25
728,16420.0,-0.22227097,Vp,15.0,20,750.0,20.0,1500.0,1500,1500.0,1.0,40.0,0.25
729,16430.0,-0.5005646,Vp,15.0,20,750.0,20.0,1500.0,1500,1500.0,1.0,40.0,0.25
730,16440.0,-0.33186722,Vp,15.0,20,750.0,20.0,1500.0,1500,1500.0,1.0,40.0,0.25
731,16450.0,-0.3720894,Vp,15.0,20,750.0,20.0,1500.0,1500,1500.0,1.0,40.0,0.25
732,16460.0,-0.63658524,Vp,15.0,20,750.0,20.0,1500.0,1500,1500.0,1.0,40.0,0.25
733,16470.0,-0.41802597,Vp,15.0,20,750.0,20.0,1500.0,1500,1500.0,1.0,40.0,0.25
734,16480.0,-0.28559113,Vp,15.0,20,750.0,20.0,1500.0,1500,1500.0,1.0,40.0,0.25
735,16490.0,-0.47016144,Vp,15.0,20,750.0,20.0,1500.0,1500,1500.0,1.0,40.0,0.25
736,16500.0,-0.54172516,Vp,15.0,20,750.0,20.0,1500.0,1500,1500.0,1.0,40.0,0.25
737,16510.0,-0.3982849,Vp,15.0,20,750.0,20.0,1500.0,1500,1500.0,1.0,40.0,0.25
738,16520.0,-0.5659256,Vp,15.0,20,750.0,20.0,1500.0,1500,1500.0,1.0,40.0,0.25
739,16530.0,-0.2604103,Vp,15.0,20,750.0,20.0,1500.0,1500,1500.0,1.0,40.0,0.25
740,16540.0,-0.20385742,Vp,15.0,20,750.0,20.0,1500.0,1500,1500.0,1.0,40.0,0.25
741,16550.0,-0.64157486,Vp,15.0,20,750.0,20.0,1500.0,1500,1500.0,1.0,40.0,0.25
742,16560.0,-0.32125473,Vp,15.0,20,750.0,20.0,1500.0,1500,1500.0,1.0,40.0,0.25
743,16570.0,-0.30617142,Vp,15.0,20,750.0,20.0,1500.0,1500,1500.0,1.0,40.0,0.25
744,16580.0,-0.6842842,Vp,15.0,20,750.0,20.0,1500.0,1500,1500.0,1.0,40.0,0.25
745,16590.0,-0.69169235,Vp,15.0,20,750.0,20.0,1500.0,1500,1500.0,1.0,40.0,0.25
746,16600.0,-0.24238586,Vp,15.0,20,750.0,20.0,1500.0,1500,1500.0,1.0,40.0,0.25
747,16610.0,-0.26306534,Vp,15.0,20,750.0,20.0,1500.0,1500,1500.0,1.0,40.0,0.25
748,16620.0,-0.5695076,Vp,15.0,20,750.0,20.0,1500.0,1500,1500.0,1.0,40.0,0.25
749,16630.0,-0.5434761,Vp,15.0,20,750.0,20.0,1500.0,1500,1500.0,1.0,40.0,0.25
750,16640.0,-0.37478256,Vp,15.0,20,750.0,20.0,1500.0,1500,1500.0,1.0,40.0,0.25
751,16650.0,-0.1887474,Vp,15.0,20,750.0,20.0,1500.0,1500,1500.0,1.0,40.0,0.25
752,16660.0,-0.3698387,Vp,15.0,20,750.0,20.0,1500.0,1500,1500.0,1.0,40.0,0.25
753,16670.0,0.12619781,Vp,15.0,20,750.0,20.0,1500.0,1500,1500.0,1.0,40.0,0.25
754,16680.0,4.898033,Vp,15.0,20,750.0,20.0,1500.0,1500,1500.0,1.0,40.0,0.25
755,16690.0,6.581436,Vp,15.0,20,750.0,20.0,1500.0,1500,1500.0,1.0,40.0,0.25
756,16700.0,5.576668,Vp,15.0,20,750.0,20.0,1500.0,1500,1500.0,1.0,40.0,0.25
757,16710.0,4.32209,Vp,15.0,20,750.0,20.0,1500.0,1500,1500.0,1.0,40.0,0.25
758,16720.0,3.3801613,Vp,15.0,20,750.0,20.0,1500.0,1500,1500.0,1.0,40.0,0.25
759,16730.0,2.722412,Vp,15.0,20,750.0,20.0,1500.0,1500,1500.0,1.0,40.0,0.25
760,16740.0,2.318325,Vp,15.0,20,750.0,20.0,1500.0,1500,1500.0,1.0,40.0,0.25
761,16750.0,2.0124702,Vp,15.0,20,750.0,20.0,1500.0,1500,1500.0,1.0,40.0,0.25
762,16760.0,1.8416862,Vp,15.0,20,750.0,20.0,1500.0,1500,1500.0,1.0,40.0,0.25
763,16770.0,1.7063446,Vp,15.0,20,750.0,20.0,1500.0,1500,1500.0,1.0,40.0,0.25
764,16780.0,1.6196098,Vp,15.0,20,750.0,20.0,1500.0,1500,1500.0,1.0,40.0,0.25
765,16790.0,1.5667076,Vp,15.0,20,750.0,20.0,1500.0,1500,1500.0,1.0,40.0,0.25
766,16800.0,1.5158081,Vp,15.0,20,750.0,20.0,1500.0,1500,1500.0,1.0,40.0,0.25
767,16810.0,1.4824562,Vp,15.0,20,750.0,20.0,1500.0,1500,1500.0,1.0,40.0,0.25
768,16820.0,1.4692726,Vp,15.0,20,750.0,20.0,1500.0,1500,1500.0,1.0,40.0,0.25
769,16830.0,1.4225426,Vp,15.0,20,750.0,20.0,1500.0,1500,1500.0,1.0,40.0,0.25
770,16840.0,1.3890991,Vp,15.0,20,750.0,20.0,1500.0,1500,1500.0,1.0,40.0,0.25
771,16850.0,1.3831177,Vp,15.0,20,750.0,20.0,1500.0,1500,1500.0,1.0,40.0,0.25
772,16860.0,1.3255386,Vp,15.0,20,750.0,20.0,1500.0,1500,1500.0,1.0,40.0,0.25
773,16870.0,1.261692,Vp,15.0,20,750.0,20.0,1500.0,1500,1500.0,1.0,40.0,0.25
774,16880.0,1.2238121,Vp,15.0,20,750.0,20.0,1500.0,1500,1500.0,1.0,40.0,0.25
775,16890.0,1.1681633,Vp,15.0,20,750.0,20.0,1500.0,1500,1500.0,1.0,40.0,0.25
776,16900.0,1.1472588,Vp,15.0,20,750.0,20.0,1500.0,1500,1500.0,1.0,40.0,0.25
777,16910.0,1.0968399,Vp,15.0,20,750.0,20.0,1500.0,1500,1500.0,1.0,40.0,0.25
778,16920.0,0.98358154,Vp,15.0,20,750.0,20.0,1500.0,1500,1500.0,1.0,40.0,0.25
779,16930.0,0.92839813,Vp,15.0,20,750.0,20.0,1500.0,1500,1500.0,1.0,40.0,0.25
780,16940.0,0.87688446,Vp,15.0,20,750.0,20.0,1500.0,1500,1500.0,1.0,40.0,0.25
781,16950.0,0.7500992,Vp,15.0,20,750.0,20.0,1500.0,1500,1500.0,1.0,40.0,0.25
782,16960.0,0.64443207,Vp,15.0,20,750.0,20.0,1500.0,1500,1500.0,1.0,40.0,0.25
783,16970.0,0.566597,Vp,15.0,20,750.0,20.0,1500.0,1500,1500.0,1.0,40.0,0.25
784,16980.0,0.452713,Vp,15.0,20,750.0,20.0,1500.0,1500,1500.0,1.0,40.0,0.25
785,16990.0,0.23597717,Vp,15.0,20,750.0,20.0,1500.0,1500,1500.0,1.0,40.0,0.25
786,17000.0,0.07714844,Vp,15.0,20,750.0,20.0,1500.0,1500,1500.0,1.0,40.0,0.25
787,17010.0,0.035755157,Vp,15.0,20,750.0,20.0,1500.0,1500,1500.0,1.0,40.0,0.25
788,17020.0,-0.04160309,Vp,15.0,20,750.0,20.0,1500.0,1500,1500.0,1.0,40.0,0.25
789,17030.0,0.014083862,Vp,15.0,20,750.0,20.0,1500.0,1500,1500.0,1.0,40.0,0.25
790,17040.0,-0.13532639,Vp,15.0,20,750.0,20.0,1500.0,1500,1500.0,1.0,40.0,0.25
791,17050.0,-0.1860199,Vp,15.0,20,750.0,20.0,1500.0,1500,1500.0,1.0,40.0,0.25
792,17060.0,-0.1728363,Vp,15.0,20,750.0,20.0,1500.0,1500,1500.0,1.0,40.0,0.25
793,17070.0,-0.13554764,Vp,15.0,20,750.0,20.0,1500.0,1500,1500.0,1.0,40.0,0.25
794,17080.0,-0.3048172,Vp,15.0,20,750.0,20.0,1500.0,1500,1500.0,1.0,40.0,0.25
795,17090.0,-0.40085602,Vp,15.0,20,750.0,20.0,1500.0,1500,1500.0,1.0,40.0,0.25
796,17100.0,-0.1688385,Vp,15.0,20,750.0,20.0,1500.0,1500,1500.0,1.0,40.0,0.25
797,17110.0,-0.1478424,Vp,15.0,20,750.0,20.0,1500.0,1500,1500.0,1.0,40.0,0.25
798,17120.0,-0.26068878,Vp,15.0,20,750.0,20.0,1500.0,1500,1500.0,1.0,40.0,0.25
799,17130.0,-0.27160263,Vp,15.0,20,750.0,20.0,1500.0,1500,1500.0,1.0,40.0,0.25
800,17140.0,-0.29962158,Vp,15.0,20,750.0,20.0,1500.0,1500,1500.0,1.0,40.0,0.25
801,17150.0,-0.34853363,Vp,15.0,20,750.0,20.0,1500.0,1500,1500.0,1.0,40.0,0.25
802,17160.0,-0.28889847,Vp,15.0,20,750.0,20.0,1500.0,1500,1500.0,1.0,40.0,0.25
803,17170.0,-0.18479156,Vp,15.0,20,750.0,20.0,1500.0,1500,1500.0,1.0,40.0,0.25
804,17180.0,-0.27080536,Vp,15.0,20,750.0,20.0,1500.0,1500,1500.0,1.0,40.0,0.25
805,17190.0,-0.4114952,Vp,15.0,20,750.0,20.0,1500.0,1500,1500.0,1.0,40.0,0.25
806,17200.0,-0.35606003,Vp,15.0,20,750.0,20.0,1500.0,1500,1500.0,1.0,40.0,0.25
807,17210.0,-0.23266602,Vp,15.0,20,750.0,20.0,1500.0,1500,1500.0,1.0,40.0,0.25
808,17220.0,-0.19343567,Vp,15.0,20,750.0,20.0,1500.0,1500,1500.0,1.0,40.0,0.25
809,17230.0,-0.3571968,Vp,15.0,20,750.0,20.0,1500.0,1500,1500.0,1.0,40.0,0.25
810,17240.0,-0.22454071,Vp,15.0,20,750.0,20.0,1500.0,1500,1500.0,1.0,40.0,0.25
811,17250.0,-0.056770325,Vp,15.0,20,750.0,20.0,1500.0,1500,1500.0,1.0,40.0,0.25
812,17260.0,-0.26155472,Vp,15.0,20,750.0,20.0,1500.0,1500,1500.0,1.0,40.0,0.25
813,17270.0,-0.09211731,Vp,15.0,20,750.0,20.0,1500.0,1500,1500.0,1.0,40.0,0.25
814,17280.0,-0.25162506,Vp,15.0,20,750.0,20.0,1500.0,1500,1500.0,1.0,40.0,0.25
815,17290.0,-0.36618423,Vp,15.0,20,750.0,20.0,1500.0,1500,1500.0,1.0,40.0,0.25
816,17300.0,-0.37665176,Vp,15.0,20,750.0,20.0,1500.0,1500,1500.0,1.0,40.0,0.25
817,17310.0,-0.22561264,Vp,15.0,20,750.0,20.0,1500.0,1500,1500.0,1.0,40.0,0.25
818,17320.0,-0.18884659,Vp,15.0,20,750.0,20.0,1500.0,1500,1500.0,1.0,40.0,0.25
819,17330.0,0.03813553,Vp,15.0,20,750.0,20.0,1500.0,1500,1500.0,1.0,40.0,0.25
820,17340.0,-0.2222786,Vp,15.0,20,750.0,20.0,1500.0,1500,1500.0,1.0,40.0,0.25
821,17350.0,-0.304039,Vp,15.0,20,750.0,20.0,1500.0,1500,1500.0,1.0,40.0,0.25
822,17360.0,-0.18079376,Vp,15.0,20,750.0,20.0,1500.0,1500,1500.0,1.0,40.0,0.25
823,17370.0,-0.3790779,Vp,15.0,20,750.0,20.0,1500.0,1500,1500.0,1.0,40.0,0.25
824,17380.0,-0.21319962,Vp,15.0,20,750.0,20.0,1500.0,1500,1500.0,1.0,40.0,0.25
825,17390.0,-0.27315903,Vp,15.0,20,750.0,20.0,1500.0,1500,1500.0,1.0,40.0,0.25
826,17400.0,-0.23611832,Vp,15.0,20,750.0,20.0,1500.0,1500,1500.0,1.0,40.0,0.25
827,17410.0,-0.08249664,Vp,15.0,20,750.0,20.0,1500.0,1500,1500.0,1.0,40.0,0.25
828,17420.0,-0.36346436,Vp,15.0,20,750.0,20.0,1500.0,1500,1500.0,1.0,40.0,0.25
829,17430.0,-0.22441483,Vp,15.0,20,750.0,20.0,1500.0,1500,1500.0,1.0,40.0,0.25
830,17440.0,-0.29847717,Vp,15.0,20,750.0,20.0,1500.0,1500,1500.0,1.0,40.0,0.25
831,17450.0,-0.46466827,Vp,15.0,20,750.0,20.0,1500.0,1500,1500.0,1.0,40.0,0.25
832,17460.0,-0.2746849,Vp,15.0,20,750.0,20.0,1500.0,1500,1500.0,1.0,40.0,0.25
833,17470.0,-0.19758606,Vp,15.0,20,750.0,20.0,1500.0,1500,1500.0,1.0,40.0,0.25
834,17480.0,-0.45311356,Vp,15.0,20,750.0,20.0,1500.0,1500,1500.0,1.0,40.0,0.25
835,17490.0,-0.35741425,Vp,15.0,20,750.0,20.0,1500.0,1500,1500.0,1.0,40.0,0.25
836,17500.0,-0.2401352,Vp,15.0,20,750.0,20.0,1500.0,1500,1500.0,1.0,40.0,0.25
837,17510.0,-0.34459305,Vp,15.0,20,750.0,20.0,1500.0,1500,1500.0,1.0,40.0,0.25
838,17520.0,-0.08122635,Vp,15.0,20,750.0,20.0,1500.0,1500,1500.0,1.0,40.0,0.25
839,17530.0,-0.21696472,Vp,15.0,20,750.0,20.0,1500.0,1500,1500.0,1.0,40.0,0.25
840,17540.0,-0.30792618,Vp,15.0,20,750.0,20.0,1500.0,1500,1500.0,1.0,40.0,0.25
841,17550.0,-0.18349457,Vp,15.0,20,750.0,20.0,1500.0,1500,1500.0,1.0,40.0,0.25
842,17560.0,-0.30093765,Vp,15.0,20,750.0,20.0,1500.0,1500,1500.0,1.0,40.0,0.25
843,17570.0,-0.44687653,Vp,15.0,20,750.0,20.0,1500.0,1500,1500.0,1.0,40.0,0.25
844,17580.0,-0.2084465,Vp,15.0,20,750.0,20.0,1500.0,1500,1500.0,1.0,40.0,0.25
845,17590.0,-0.056919098,Vp,15.0,20,750.0,20.0,1500.0,1500,1500.0,1.0,40.0,0.25
846,17600.0,-0.33297348,Vp,15.0,20,750.0,20.0,1500.0,1500,1500.0,1.0,40.0,0.25
847,17610.0,-0.49105835,Vp,15.0,20,750.0,20.0,1500.0,1500,1500.0,1.0,40.0,0.25
848,17620.0,-0.13189316,Vp,15.0,20,750.0,20.0,1500.0,1500,1500.0,1.0,40.0,0.25
849,17630.0,-0.15682983,Vp,15.0,20,750.0,20.0,1500.0,1500,1500.0,1.0,40.0,0.25
850,17640.0,-0.49556732,Vp,15.0,20,750.0,20.0,1500.0,1500,1500.0,1.0,40.0,0.25
851,17650.0,-0.18179321,Vp,15.0,20,750.0,20.0,1500.0,1500,1500.0,1.0,40.0,0.25
852,17660.0,-0.16679764,Vp,15.0,20,750.0,20.0,1500.0,1500,1500.0,1.0,40.0,0.25
853,17670.0,-0.22370148,Vp,15.0,20,750.0,20.0,1500.0,1500,1500.0,1.0,40.0,0.25
854,17680.0,-0.34931946,Vp,15.0,20,750.0,20.0,1500.0,1500,1500.0,1.0,40.0,0.25
855,17690.0,-0.23688507,Vp,15.0,20,750.0,20.0,1500.0,1500,1500.0,1.0,40.0,0.25
856,17700.0,-0.37937927,Vp,15.0,20,750.0,20.0,1500.0,1500,1500.0,1.0,40.0,0.25
857,17710.0,-0.49469757,Vp,15.0,20,750.0,20.0,1500.0,1500,1500.0,1.0,40.0,0.25
858,17720.0,-0.16223907,Vp,15.0,20,750.0,20.0,1500.0,1500,1500.0,1.0,40.0,0.25
859,17730.0,-0.36486053,Vp,15.0,20,750.0,20.0,1500.0,1500,1500.0,1.0,40.0,0.25
860,17740.0,-0.36694336,Vp,15.0,20,750.0,20.0,1500.0,1500,1500.0,1.0,40.0,0.25
861,17750.0,-0.21469116,Vp,15.0,20,750.0,20.0,1500.0,1500,1500.0,1.0,40.0,0.25
862,17760.0,-0.10214996,Vp,15.0,20,750.0,20.0,1500.0,1500,1500.0,1.0,40.0,0.25
863,17770.0,-0.32404327,Vp,15.0,20,750.0,20.0,1500.0,1500,1500.0,1.0,40.0,0.25
864,17780.0,-0.3678131,Vp,15.0,20,750.0,20.0,1500.0,1500,1500.0,1.0,40.0,0.25
865,17790.0,-0.28855133,Vp,15.0,20,750.0,20.0,1500.0,1500,1500.0,1.0,40.0,0.25
866,17800.0,-0.36720276,Vp,15.0,20,750.0,20.0,1500.0,1500,1500.0,1.0,40.0,0.25
867,17810.0,-0.5443573,Vp,15.0,20,750.0,20.0,1500.0,1500,1500.0,1.0,40.0,0.25
868,17820.0,-0.27352905,Vp,15.0,20,750.0,20.0,1500.0,1500,1500.0,1.0,40.0,0.25
869,17830.0,0.054912567,Vp,15.0,20,750.0,20.0,1500.0,1500,1500.0,1.0,40.0,0.25
870,17840.0,-0.32709885,Vp,15.0,20,750.0,20.0,1500.0,1500,1500.0,1.0,40.0,0.25
871,17850.0,-0.46995544,Vp,15.0,20,750.0,20.0,1500.0,1500,1500.0,1.0,40.0,0.25
872,17860.0,-0.21645355,Vp,15.0,20,750.0,20.0,1500.0,1500,1500.0,1.0,40.0,0.25
873,17870.0,-0.09712982,Vp,15.0,20,750.0,20.0,1500.0,1500,1500.0,1.0,40.0,0.25
874,17880.0,-0.4809761,Vp,15.0,20,750.0,20.0,1500.0,1500,1500.0,1.0,40.0,0.25
875,17890.0,-0.32286835,Vp,15.0,20,750.0,20.0,1500.0,1500,1500.0,1.0,40.0,0.25
876,17900.0,-0.0011711121,Vp,15.0,20,750.0,20.0,1500.0,1500,1500.0,1.0,40.0,0.25
877,17910.0,-0.30734253,Vp,15.0,20,750.0,20.0,1500.0,1500,1500.0,1.0,40.0,0.25
878,17920.0,-0.48722076,Vp,15.0,20,750.0,20.0,1500.0,1500,1500.0,1.0,40.0,0.25
879,17930.0,-0.30080032,Vp,15.0,20,750.0,20.0,1500.0,1500,1500.0,1.0,40.0,0.25
880,17940.0,-0.1848259,Vp,15.0,20,750.0,20.0,1500.0,1500,1500.0,1.0,40.0,0.25
881,17950.0,-0.33322906,Vp,15.0,20,750.0,20.0,1500.0,1500,1500.0,1.0,40.0,0.25
882,17960.0,-0.41059113,Vp,15.0,20,750.0,20.0,1500.0,1500,1500.0,1.0,40.0,0.25
883,17970.0,-0.3303833,Vp,15.0,20,750.0,20.0,1500.0,1500,1500.0,1.0,40.0,0.25
884,17980.0,-0.43892288,Vp,15.0,20,750.0,20.0,1500.0,1500,1500.0,1.0,40.0,0.25
885,17990.0,-0.27816772,Vp,15.0,20,750.0,20.0,1500.0,1500,1500.0,1.0,40.0,0.25
886,18000.0,-0.36431503,Vp,15.0,20,750.0,20.0,1500.0,1500,1500.0,1.0,40.0,0.25
887,18010.0,-0.5764961,Vp,15.0,20,750.0,20.0,1500.0,1500,1500.0,1.0,40.0,0.25
888,18020.0,-0.49738312,Vp,15.0,20,750.0,20.0,1500.0,1500,1500.0,1.0,40.0,0.25
889,18030.0,-0.06483078,Vp,15.0,20,750.0,20.0,1500.0,1500,1500.0,1.0,40.0,0.25
890,18040.0,-0.13652802,Vp,15.0,20,750.0,20.0,1500.0,1500,1500.0,1.0,40.0,0.25
891,18050.0,-0.46558762,Vp,15.0,20,750.0,20.0,1500.0,1500,1500.0,1.0,40.0,0.25
892,18060.0,-0.4085846,Vp,15.0,20,750.0,20.0,1500.0,1500,1500.0,1.0,40.0,0.25
893,18070.0,-0.23548126,Vp,15.0,20,750.0,20.0,1500.0,1500,1500.0,1.0,40.0,0.25
894,18080.0,-0.26106262,Vp,15.0,20,750.0,20.0,1500.0,1500,1500.0,1.0,40.0,0.25
895,18090.0,-0.4187622,Vp,15.0,20,750.0,20.0,1500.0,1500,1500.0,1.0,40.0,0.25
896,18100.0,-0.29128265,Vp,15.0,20,750.0,20.0,1500.0,1500,1500.0,1.0,40.0,0.25
897,18110.0,-0.31380463,Vp,15.0,20,750.0,20.0,1500.0,1500,1500.0,1.0,40.0,0.25
898,18120.0,-0.5172157,Vp,15.0,20,750.0,20.0,1500.0,1500,1500.0,1.0,40.0,0.25
899,18130.0,-0.22387695,Vp,15.0,20,750.0,20.0,1500.0,1500,1500.0,1.0,40.0,0.25
900,18140.0,-0.106529236,Vp,15.0,20,750.0,20.0,1500.0,1500,1500.0,1.0,40.0,0.25
901,18150.0,-0.255867,Vp,15.0,20,750.0,20.0,1500.0,1500,1500.0,1.0,40.0,0.25
902,18160.0,-0.6312523,Vp,15.0,20,750.0,20.0,1500.0,1500,1500.0,1.0,40.0,0.25
903,18170.0,-0.4385872,Vp,15.0,20,750.0,20.0,1500.0,1500,1500.0,1.0,40.0,0.25
904,20090.0,-0.34666443,Vp,15.0,20,750.0,20.0,1500.0,1500,1500.0,1.0,40.0,0.25
905,20100.0,-0.2823677,Vp,15.0,20,750.0,20.0,1500.0,1500,1500.0,1.0,40.0,0.25
906,20110.0,-0.39922333,Vp,15.0,20,750.0,20.0,1500.0,1500,1500.0,1.0,40.0,0.25
907,20120.0,0.19139099,Vp,15.0,20,750.0,20.0,1500.0,1500,1500.0,1.0,40.0,0.25
908,20130.0,0.09405899,Vp,15.0,20,750.0,20.0,1500.0,1500,1500.0,1.0,40.0,0.25
909,20140.0,-0.47875977,Vp,15.0,20,750.0,20.0,1500.0,1500,1500.0,1.0,40.0,0.25
910,20150.0,-0.548172,Vp,15.0,20,750.0,20.0,1500.0,1500,1500.0,1.0,40.0,0.25
911,20160.0,-0.36893845,Vp,15.0,20,750.0,20.0,1500.0,1500,1500.0,1.0,40.0,0.25
912,20170.0,-0.5480652,Vp,15.0,20,750.0,20.0,1500.0,1500,1500.0,1.0,40.0,0.25
913,20180.0,-0.69257736,Vp,15.0,20,750.0,20.0,1500.0,1500,1500.0,1.0,40.0,0.25
914,20190.0,-0.40075302,Vp,15.0,20,750.0,20.0,1500.0,1500,1500.0,1.0,40.0,0.25
915,20200.0,-0.53860474,Vp,15.0,20,750.0,20.0,1500.0,1500,1500.0,1.0,40.0,0.25
916,20210.0,-0.3576851,Vp,15.0,20,750.0,20.0,1500.0,1500,1500.0,1.0,40.0,0.25
917,20220.0,-0.3183632,Vp,15.0,20,750.0,20.0,1500.0,1500,1500.0,1.0,40.0,0.25
918,20230.0,-0.5467529,Vp,15.0,20,750.0,20.0,1500.0,1500,1500.0,1.0,40.0,0.25
919,20240.0,-0.383358,Vp,15.0,20,750.0,20.0,1500.0,1500,1500.0,1.0,40.0,0.25
920,20250.0,-0.38788986,Vp,15.0,20,750.0,20.0,1500.0,1500,1500.0,1.0,40.0,0.25
921,20260.0,-0.6448517,Vp,15.0,20,750.0,20.0,1500.0,1500,1500.0,1.0,40.0,0.25
922,20270.0,-0.03797531,Vp,15.0,20,750.0,20.0,1500.0,1500,1500.0,1.0,40.0,0.25
923,20280.0,0.0014038086,Vp,15.0,20,750.0,20.0,1500.0,1500,1500.0,1.0,40.0,0.25
924,20290.0,-0.2105484,Vp,15.0,20,750.0,20.0,1500.0,1500,1500.0,1.0,40.0,0.25
925,20300.0,-0.48340225,Vp,15.0,20,750.0,20.0,1500.0,1500,1500.0,1.0,40.0,0.25
926,20310.0,-0.6520424,Vp,15.0,20,750.0,20.0,1500.0,1500,1500.0,1.0,40.0,0.25
927,20320.0,-0.53616714,Vp,15.0,20,750.0,20.0,1500.0,1500,1500.0,1.0,40.0,0.25
928,20330.0,-0.39522934,Vp,15.0,20,750.0,20.0,1500.0,1500,1500.0,1.0,40.0,0.25
929,20340.0,-0.5350075,Vp,15.0,20,750.0,20.0,1500.0,1500,1500.0,1.0,40.0,0.25
930,20350.0,-0.5992317,Vp,15.0,20,750.0,20.0,1500.0,1500,1500.0,1.0,40.0,0.25
931,20360.0,-0.35713577,Vp,15.0,20,750.0,20.0,1500.0,1500,1500.0,1.0,40.0,0.25
932,20370.0,-0.46844482,Vp,15.0,20,750.0,20.0,1500.0,1500,1500.0,1.0,40.0,0.25
933,20380.0,-0.43693542,Vp,15.0,20,750.0,20.0,1500.0,1500,1500.0,1.0,40.0,0.25
934,20390.0,-0.4828148,Vp,15.0,20,750.0,20.0,1500.0,1500,1500.0,1.0,40.0,0.25
935,20400.0,-0.40795135,Vp,15.0,20,750.0,20.0,1500.0,1500,1500.0,1.0,40.0,0.25
936,20410.0,-0.40877533,Vp,15.0,20,750.0,20.0,1500.0,1500,1500.0,1.0,40.0,0.25
937,20420.0,-0.42147064,Vp,15.0,20,750.0,20.0,1500.0,1500,1500.0,1.0,40.0,0.25
938,20430.0,-0.2508545,Vp,15.0,20,750.0,20.0,1500.0,1500,1500.0,1.0,40.0,0.25
939,20440.0,-0.22167206,Vp,15.0,20,750.0,20.0,1500.0,1500,1500.0,1.0,40.0,0.25
940,20450.0,-0.4647522,Vp,15.0,20,750.0,20.0,1500.0,1500,1500.0,1.0,40.0,0.25
941,20460.0,-0.4233055,Vp,15.0,20,750.0,20.0,1500.0,1500,1500.0,1.0,40.0,0.25
942,20470.0,-0.43275833,Vp,15.0,20,750.0,20.0,1500.0,1500,1500.0,1.0,40.0,0.25
943,20480.0,-0.46634293,Vp,15.0,20,750.0,20.0,1500.0,1500,1500.0,1.0,40.0,0.25
944,20490.0,-0.4272766,Vp,15.0,20,750.0,20.0,1500.0,1500,1500.0,1.0,40.0,0.25
945,20500.0,-0.38566208,Vp,15.0,20,750.0,20.0,1500.0,1500,1500.0,1.0,40.0,0.25
946,20510.0,-0.6243019,Vp,15.0,20,750.0,20.0,1500.0,1500,1500.0,1.0,40.0,0.25
947,20520.0,-0.6773033,Vp,15.0,20,750.0,20.0,1500.0,1500,1500.0,1.0,40.0,0.25
948,20530.0,-0.35687637,Vp,15.0,20,750.0,20.0,1500.0,1500,1500.0,1.0,40.0,0.25
949,20540.0,-0.34232712,Vp,15.0,20,750.0,20.0,1500.0,1500,1500.0,1.0,40.0,0.25
950,20550.0,-0.33242416,Vp,15.0,20,750.0,20.0,1500.0,1500,1500.0,1.0,40.0,0.25
951,20560.0,-0.6509094,Vp,15.0,20,750.0,20.0,1500.0,1500,1500.0,1.0,40.0,0.25
952,20570.0,-0.4344368,Vp,15.0,20,750.0,20.0,1500.0,1500,1500.0,1.0,40.0,0.25
953,20580.0,-0.10655594,Vp,15.0,20,750.0,20.0,1500.0,1500,1500.0,1.0,40.0,0.25
954,20590.0,-0.2742958,Vp,15.0,20,750.0,20.0,1500.0,1500,1500.0,1.0,40.0,0.25
955,20600.0,-0.5173683,Vp,15.0,20,750.0,20.0,1500.0,1500,1500.0,1.0,40.0,0.25
956,20610.0,-0.49485016,Vp,15.0,20,750.0,20.0,1500.0,1500,1500.0,1.0,40.0,0.25
957,20620.0,-0.4238968,Vp,15.0,20,750.0,20.0,1500.0,1500,1500.0,1.0,40.0,0.25
958,20630.0,-0.51535034,Vp,15.0,20,750.0,20.0,1500.0,1500,1500.0,1.0,40.0,0.25
959,20640.0,-0.4571762,Vp,15.0,20,750.0,20.0,1500.0,1500,1500.0,1.0,40.0,0.25
960,20650.0,-0.37058258,Vp,15.0,20,750.0,20.0,1500.0,1500,1500.0,1.0,40.0,0.25
961,20660.0,-0.36123657,Vp,15.0,20,750.0,20.0,1500.0,1500,1500.0,1.0,40.0,0.25
962,20670.0,-0.28718185,Vp,15.0,20,750.0,20.0,1500.0,1500,1500.0,1.0,40.0,0.25
963,20680.0,-0.36268234,Vp,15.0,20,750.0,20.0,1500.0,1500,1500.0,1.0,40.0,0.25
964,20690.0,-0.5264549,Vp,15.0,20,750.0,20.0,1500.0,1500,1500.0,1.0,40.0,0.25
965,20700.0,-0.50756073,Vp,15.0,20,750.0,20.0,1500.0,1500,1500.0,1.0,40.0,0.25
966,20710.0,-0.26133347,Vp,15.0,20,750.0,20.0,1500.0,1500,1500.0,1.0,40.0,0.25
967,20720.0,-0.25912857,Vp,15.0,20,750.0,20.0,1500.0,1500,1500.0,1.0,40.0,0.25
968,20730.0,-0.487854,Vp,15.0,20,750.0,20.0,1500.0,1500,1500.0,1.0,40.0,0.25
969,20740.0,-0.36108398,Vp,15.0,20,750.0,20.0,1500.0,1500,1500.0,1.0,40.0,0.25
970,20750.0,-0.41471863,Vp,15.0,20,750.0,20.0,1500.0,1500,1500.0,1.0,40.0,0.25
971,20760.0,-0.5064163,Vp,15.0,20,750.0,20.0,1500.0,1500,1500.0,1.0,40.0,0.25
972,20770.0,-0.1581192,Vp,15.0,20,750.0,20.0,1500.0,1500,1500.0,1.0,40.0,0.25
973,20780.0,-0.16339874,Vp,15.0,20,750.0,20.0,1500.0,1500,1500.0,1.0,40.0,0.25
974,20790.0,-0.5239258,Vp,15.0,20,750.0,20.0,1500.0,1500,1500.0,1.0,40.0,0.25
975,20800.0,-0.3806839,Vp,15.0,20,750.0,20.0,1500.0,1500,1500.0,1.0,40.0,0.25
976,20810.0,-0.4501381,Vp,15.0,20,750.0,20.0,1500.0,1500,1500.0,1.0,40.0,0.25
977,20820.0,-0.36537552,Vp,15.0,20,750.0,20.0,1500.0,1500,1500.0,1.0,40.0,0.25
978,20830.0,-0.41567993,Vp,15.0,20,750.0,20.0,1500.0,1500,1500.0,1.0,40.0,0.25
979,20840.0,0.24581528,Vp,15.0,20,750.0,20.0,1500.0,1500,1500.0,1.0,40.0,0.25
980,20850.0,4.919197,Vp,15.0,20,750.0,20.0,1500.0,1500,1500.0,1.0,40.0,0.25
981,20860.0,6.631157,Vp,15.0,20,750.0,20.0,1500.0,1500,1500.0,1.0,40.0,0.25
982,20870.0,5.644882,Vp,15.0,20,750.0,20.0,1500.0,1500,1500.0,1.0,40.0,0.25
983,20880.0,4.375107,Vp,15.0,20,750.0,20.0,1500.0,1500,1500.0,1.0,40.0,0.25
984,20890.0,3.4289742,Vp,15.0,20,750.0,20.0,1500.0,1500,1500.0,1.0,40.0,0.25
985,20900.0,2.760563,Vp,15.0,20,750.0,20.0,1500.0,1500,1500.0,1.0,40.0,0.25
986,20910.0,2.3579178,Vp,15.0,20,750.0,20.0,1500.0,1500,1500.0,1.0,40.0,0.25
987,20920.0,2.1061897,Vp,15.0,20,750.0,20.0,1500.0,1500,1500.0,1.0,40.0,0.25
988,20930.0,1.9061203,Vp,15.0,20,750.0,20.0,1500.0,1500,1500.0,1.0,40.0,0.25
989,20940.0,1.7580185,Vp,15.0,20,750.0,20.0,1500.0,1500,1500.0,1.0,40.0,0.25
990,20950.0,1.6553535,Vp,15.0,20,750.0,20.0,1500.0,1500,1500.0,1.0,40.0,0.25
991,20960.0,1.6000977,Vp,15.0,20,750.0,20.0,1500.0,1500,1500.0,1.0,40.0,0.25
992,20970.0,1.5553017,Vp,15.0,20,750.0,20.0,1500.0,1500,1500.0,1.0,40.0,0.25
993,20980.0,1.5275383,Vp,15.0,20,750.0,20.0,1500.0,1500,1500.0,1.0,40.0,0.25
994,20990.0,1.4812431,Vp,15.0,20,750.0,20.0,1500.0,1500,1500.0,1.0,40.0,0.25
995,21000.0,1.4547272,Vp,15.0,20,750.0,20.0,1500.0,1500,1500.0,1.0,40.0,0.25
996,21010.0,1.4199638,Vp,15.0,20,750.0,20.0,1500.0,1500,1500.0,1.0,40.0,0.25
997,21020.0,1.3713303,Vp,15.0,20,750.0,20.0,1500.0,1500,1500.0,1.0,40.0,0.25
998,21030.0,1.3196869,Vp,15.0,20,750.0,20.0,1500.0,1500,1500.0,1.0,40.0,0.25
999,21040.0,1.2785568,Vp,15.0,20,750.0,20.0,1500.0,1500,1500.0,1.0,40.0,0.25
1000,21050.0,1.2604065,Vp,15.0,20,750.0,20.0,1500.0,1500,1500.0,1.0,40.0,0.25
1001,21060.0,1.2178574,Vp,15.0,20,750.0,20.0,1500.0,1500,1500.0,1.0,40.0,0.25
1002,21070.0,1.2089767,Vp,15.0,20,750.0,20.0,1500.0,1500,1500.0,1.0,40.0,0.25
1003,21080.0,1.1985435,Vp,15.0,20,750.0,20.0,1500.0,1500,1500.0,1.0,40.0,0.25
1004,21090.0,1.1099281,Vp,15.0,20,750.0,20.0,1500.0,1500,1500.0,1.0,40.0,0.25
1005,21100.0,0.985157,Vp,15.0,20,750.0,20.0,1500.0,1500,1500.0,1.0,40.0,0.25
1006,21110.0,0.85892487,Vp,15.0,20,750.0,20.0,1500.0,1500,1500.0,1.0,40.0,0.25
1007,21120.0,0.7572632,Vp,15.0,20,750.0,20.0,1500.0,1500,1500.0,1.0,40.0,0.25
1008,21130.0,0.6408043,Vp,15.0,20,750.0,20.0,1500.0,1500,1500.0,1.0,40.0,0.25
1009,21140.0,0.51587296,Vp,15.0,20,750.0,20.0,1500.0,1500,1500.0,1.0,40.0,0.25
1010,21150.0,0.44953918,Vp,15.0,20,750.0,20.0,1500.0,1500,1500.0,1.0,40.0,0.25
1011,21160.0,0.30966568,Vp,15.0,20,750.0,20.0,1500.0,1500,1500.0,1.0,40.0,0.25
1012,21170.0,0.35049438,Vp,15.0,20,750.0,20.0,1500.0,1500,1500.0,1.0,40.0,0.25
1013,21180.0,0.28380966,Vp,15.0,20,750.0,20.0,1500.0,1500,1500.0,1.0,40.0,0.25
1014,21190.0,0.049678802,Vp,15.0,20,750.0,20.0,1500.0,1500,1500.0,1.0,40.0,0.25
1015,21200.0,0.0069465637,Vp,15.0,20,750.0,20.0,1500.0,1500,1500.0,1.0,40.0,0.25
1016,21210.0,-0.057468414,Vp,15.0,20,750.0,20.0,1500.0,1500,1500.0,1.0,40.0,0.25
1017,21220.0,-0.09621811,Vp,15.0,20,750.0,20.0,1500.0,1500,1500.0,1.0,40.0,0.25
1018,21230.0,-0.25027084,Vp,15.0,20,750.0,20.0,1500.0,1500,1500.0,1.0,40.0,0.25
1019,21240.0,-0.25237656,Vp,15.0,20,750.0,20.0,1500.0,1500,1500.0,1.0,40.0,0.25
1020,21250.0,-0.30236435,Vp,15.0,20,750.0,20.0,1500.0,1500,1500.0,1.0,40.0,0.25
1021,21260.0,-0.20506287,Vp,15.0,20,750.0,20.0,1500.0,1500,1500.0,1.0,40.0,0.25
1022,21270.0,-0.3257103,Vp,15.0,20,750.0,20.0,1500.0,1500,1500.0,1.0,40.0,0.25
1023,21280.0,-0.29483795,Vp,15.0,20,750.0,20.0,1500.0,1500,1500.0,1.0,40.0,0.25
1024,21290.0,-0.22548676,Vp,15.0,20,750.0,20.0,1500.0,1500,1500.0,1.0,40.0,0.25
1025,21300.0,-0.20869064,Vp,15.0,20,750.0,20.0,1500.0,1500,1500.0,1.0,40.0,0.25
1026,21310.0,-0.2831192,Vp,15.0,20,750.0,20.0,1500.0,1500,1500.0,1.0,40.0,0.25
1027,21320.0,-0.3841591,Vp,15.0,20,750.0,20.0,1500.0,1500,1500.0,1.0,40.0,0.25
1028,21330.0,-0.3479843,Vp,15.0,20,750.0,20.0,1500.0,1500,1500.0,1.0,40.0,0.25
1029,21340.0,-0.24387741,Vp,15.0,20,750.0,20.0,1500.0,1500,1500.0,1.0,40.0,0.25
1030,21350.0,-0.13585281,Vp,15.0,20,750.0,20.0,1500.0,1500,1500.0,1.0,40.0,0.25
1031,21360.0,-0.1224823,Vp,15.0,20,750.0,20.0,1500.0,1500,1500.0,1.0,40.0,0.25
1032,21370.0,-0.24468994,Vp,15.0,20,750.0,20.0,1500.0,1500,1500.0,1.0,40.0,0.25
1033,21380.0,-0.20049286,Vp,15.0,20,750.0,20.0,1500.0,1500,1500.0,1.0,40.0,0.25
1034,21390.0,-0.18880081,Vp,15.0,20,750.0,20.0,1500.0,1500,1500.0,1.0,40.0,0.25
1035,21400.0,-0.28063583,Vp,15.0,20,750.0,20.0,1500.0,1500,1500.0,1.0,40.0,0.25
1036,21410.0,-0.24925995,Vp,15.0,20,750.0,20.0,1500.0,1500,1500.0,1.0,40.0,0.25
1037,21420.0,-0.38368988,Vp,15.0,20,750.0,20.0,1500.0,1500,1500.0,1.0,40.0,0.25
1038,21430.0,-0.44411469,Vp,15.0,20,750.0,20.0,1500.0,1500,1500.0,1.0,40.0,0.25
1039,21440.0,-0.12453079,Vp,15.0,20,750.0,20.0,1500.0,1500,1500.0,1.0,40.0,0.25
1040,21450.0,-0.1574707,Vp,15.0,20,750.0,20.0,1500.0,1500,1500.0,1.0,40.0,0.25
1041,21460.0,-0.31895828,Vp,15.0,20,750.0,20.0,1500.0,1500,1500.0,1.0,40.0,0.25
1042,21470.0,-0.18376541,Vp,15.0,20,750.0,20.0,1500.0,1500,1500.0,1.0,40.0,0.25
1043,21480.0,-0.07355118,Vp,15.0,20,750.0,20.0,1500.0,1500,1500.0,1.0,40.0,0.25
1044,21490.0,-0.25356293,Vp,15.0,20,750.0,20.0,1500.0,1500,1500.0,1.0,40.0,0.25
1045,21500.0,-0.41134644,Vp,15.0,20,750.0,20.0,1500.0,1500,1500.0,1.0,40.0,0.25
1046,21510.0,-0.28139114,Vp,15.0,20,750.0,20.0,1500.0,1500,1500.0,1.0,40.0,0.25
1047,21520.0,-0.10157776,Vp,15.0,20,750.0,20.0,1500.0,1500,1500.0,1.0,40.0,0.25
1048,21530.0,-0.13213348,Vp,15.0,20,750.0,20.0,1500.0,1500,1500.0,1.0,40.0,0.25
1049,21540.0,-0.30168915,Vp,15.0,20,750.0,20.0,1500.0,1500,1500.0,1.0,40.0,0.25
1050,21550.0,-0.34562302,Vp,15.0,20,750.0,20.0,1500.0,1500,1500.0,1.0,40.0,0.25
1051,21560.0,-0.3138466,Vp,15.0,20,750.0,20.0,1500.0,1500,1500.0,1.0,40.0,0.25
1052,21570.0,-0.30249786,Vp,15.0,20,750.0,20.0,1500.0,1500,1500.0,1.0,40.0,0.25
1053,21580.0,-0.3003769,Vp,15.0,20,750.0,20.0,1500.0,1500,1500.0,1.0,40.0,0.25
1054,21590.0,-0.2769432,Vp,15.0,20,750.0,20.0,1500.0,1500,1500.0,1.0,40.0,0.25
1055,21600.0,-0.2477684,Vp,15.0,20,750.0,20.0,1500.0,1500,1500.0,1.0,40.0,0.25
1056,21610.0,-0.29490662,Vp,15.0,20,750.0,20.0,1500.0,1500,1500.0,1.0,40.0,0.25
1057,21620.0,-0.12858963,Vp,15.0,20,750.0,20.0,1500.0,1500,1500.0,1.0,40.0,0.25
1058,21630.0,-0.19203186,Vp,15.0,20,750.0,20.0,1500.0,1500,1500.0,1.0,40.0,0.25
1059,21640.0,-0.25603104,Vp,15.0,20,750.0,20.0,1500.0,1500,1500.0,1.0,40.0,0.25
1060,21650.0,-0.026901245,Vp,15.0,20,750.0,20.0,1500.0,1500,1500.0,1.0,40.0,0.25
1061,21660.0,-0.17119598,Vp,15.0,20,750.0,20.0,1500.0,1500,1500.0,1.0,40.0,0.25
1062,21670.0,-0.41656113,Vp,15.0,20,750.0,20.0,1500.0,1500,1500.0,1.0,40.0,0.25
1063,21680.0,-0.29340363,Vp,15.0,20,750.0,20.0,1500.0,1500,1500.0,1.0,40.0,0.25
1064,21690.0,0.041431427,Vp,15.0,20,750.0,20.0,1500.0,1500,1500.0,1.0,40.0,0.25
1065,21700.0,-0.28874207,Vp,15.0,20,750.0,20.0,1500.0,1500,1500.0,1.0,40.0,0.25
1066,21710.0,-0.3610344,Vp,15.0,20,750.0,20.0,1500.0,1500,1500.0,1.0,40.0,0.25
1067,21720.0,-0.53477097,Vp,15.0,20,750.0,20.0,1500.0,1500,1500.0,1.0,40.0,0.25
1068,21730.0,-0.23960495,Vp,15.0,20,750.0,20.0,1500.0,1500,1500.0,1.0,40.0,0.25
1069,21740.0,-0.14680481,Vp,15.0,20,750.0,20.0,1500.0,1500,1500.0,1.0,40.0,0.25
1070,21750.0,-0.47843552,Vp,15.0,20,750.0,20.0,1500.0,1500,1500.0,1.0,40.0,0.25
1071,21760.0,-0.3050537,Vp,15.0,20,750.0,20.0,1500.0,1500,1500.0,1.0,40.0,0.25
1072,21770.0,-0.20631027,Vp,15.0,20,750.0,20.0,1500.0,1500,1500.0,1.0,40.0,0.25
1073,21780.0,-0.41111755,Vp,15.0,20,750.0,20.0,1500.0,1500,1500.0,1.0,40.0,0.25
1074,21790.0,-0.43000793,Vp,15.0,20,750.0,20.0,1500.0,1500,1500.0,1.0,40.0,0.25
1075,21800.0,-0.34462738,Vp,15.0,20,750.0,20.0,1500.0,1500,1500.0,1.0,40.0,0.25
1076,21810.0,-0.49547958,Vp,15.0,20,750.0,20.0,1500.0,1500,1500.0,1.0,40.0,0.25
1077,21820.0,-0.27736282,Vp,15.0,20,750.0,20.0,1500.0,1500,1500.0,1.0,40.0,0.25
1078,21830.0,-0.0979538,Vp,15.0,20,750.0,20.0,1500.0,1500,1500.0,1.0,40.0,0.25
1079,21840.0,-0.22119904,Vp,15.0,20,750.0,20.0,1500.0,1500,1500.0,1.0,40.0,0.25
1080,21850.0,-0.5497513,Vp,15.0,20,750.0,20.0,1500.0,1500,1500.0,1.0,40.0,0.25
1081,21860.0,-0.44238663,Vp,15.0,20,750.0,20.0,1500.0,1500,1500.0,1.0,40.0,0.25
1082,21870.0,-0.19236755,Vp,15.0,20,750.0,20.0,1500.0,1500,1500.0,1.0,40.0,0.25
1083,21880.0,-0.46473312,Vp,15.0,20,750.0,20.0,1500.0,1500,1500.0,1.0,40.0,0.25
1084,21890.0,-0.37592697,Vp,15.0,20,750.0,20.0,1500.0,1500,1500.0,1.0,40.0,0.25
1085,21900.0,-0.26477432,Vp,15.0,20,750.0,20.0,1500.0,1500,1500.0,1.0,40.0,0.25
1086,21910.0,-0.25870895,Vp,15.0,20,750.0,20.0,1500.0,1500,1500.0,1.0,40.0,0.25
1087,21920.0,-0.25315475,Vp,15.0,20,750.0,20.0,1500.0,1500,1500.0,1.0,40.0,0.25
1088,21930.0,-0.55470276,Vp,15.0,20,750.0,20.0,1500.0,1500,1500.0,1.0,40.0,0.25
1089,21940.0,-0.257679,Vp,15.0,20,750.0,20.0,1500.0,1500,1500.0,1.0,40.0,0.25
1090,21950.0,-0.012729645,Vp,15.0,20,750.0,20.0,1500.0,1500,1500.0,1.0,40.0,0.25
1091,21960.0,-0.08698273,Vp,15.0,20,750.0,20.0,1500.0,1500,1500.0,1.0,40.0,0.25
1092,21970.0,-0.5878334,Vp,15.0,20,750.0,20.0,1500.0,1500,1500.0,1.0,40.0,0.25
1093,21980.0,-0.34078217,Vp,15.0,20,750.0,20.0,1500.0,1500,1500.0,1.0,40.0,0.25
1094,21990.0,-0.16102219,Vp,15.0,20,750.0,20.0,1500.0,1500,1500.0,1.0,40.0,0.25
1095,22000.0,-0.35414886,Vp,15.0,20,750.0,20.0,1500.0,1500,1500.0,1.0,40.0,0.25
1096,22010.0,-0.2825508,Vp,15.0,20,750.0,20.0,1500.0,1500,1500.0,1.0,40.0,0.25
1097,22020.0,-0.07460022,Vp,15.0,20,750.0,20.0,1500.0,1500,1500.0,1.0,40.0,0.25
1098,22030.0,-0.18193817,Vp,15.0,20,750.0,20.0,1500.0,1500,1500.0,1.0,40.0,0.25
1099,22040.0,-0.5453949,Vp,15.0,20,750.0,20.0,1500.0,1500,1500.0,1.0,40.0,0.25
1100,22050.0,-0.25574875,Vp,15.0,20,750.0,20.0,1500.0,1500,1500.0,1.0,40.0,0.25
1101,22060.0,-0.05645752,Vp,15.0,20,750.0,20.0,1500.0,1500,1500.0,1.0,40.0,0.25
1102,22070.0,-0.58958435,Vp,15.0,20,750.0,20.0,1500.0,1500,1500.0,1.0,40.0,0.25
1103,22080.0,-0.15558243,Vp,15.0,20,750.0,20.0,1500.0,1500,1500.0,1.0,40.0,0.25
1104,22090.0,-0.060287476,Vp,15.0,20,750.0,20.0,1500.0,1500,1500.0,1.0,40.0,0.25
1105,22100.0,-0.18457794,Vp,15.0,20,750.0,20.0,1500.0,1500,1500.0,1.0,40.0,0.25
1106,22110.0,-0.42652512,Vp,15.0,20,750.0,20.0,1500.0,1500,1500.0,1.0,40.0,0.25
1107,22120.0,-0.44433975,Vp,15.0,20,750.0,20.0,1500.0,1500,1500.0,1.0,40.0,0.25
1108,22130.0,-0.42165756,Vp,15.0,20,750.0,20.0,1500.0,1500,1500.0,1.0,40.0,0.25
1109,22140.0,-0.30400467,Vp,15.0,20,750.0,20.0,1500.0,1500,1500.0,1.0,40.0,0.25
1110,22150.0,-0.11500931,Vp,15.0,20,750.0,20.0,1500.0,1500,1500.0,1.0,40.0,0.25
1111,22160.0,-0.36707687,Vp,15.0,20,750.0,20.0,1500.0,1500,1500.0,1.0,40.0,0.25
1112,22170.0,-0.5083885,Vp,15.0,20,750.0,20.0,1500.0,1500,1500.0,1.0,40.0,0.25
1113,22180.0,-0.39646912,Vp,15.0,20,750.0,20.0,1500.0,1500,1500.0,1.0,40.0,0.25
1114,22190.0,-0.29113388,Vp,15.0,20,750.0,20.0,1500.0,1500,1500.0,1.0,40.0,0.25
1115,22200.0,-0.28718567,Vp,15.0,20,750.0,20.0,1500.0,1500,1500.0,1.0,40.0,0.25
1116,22210.0,-0.36088943,Vp,15.0,20,750.0,20.0,1500.0,1500,1500.0,1.0,40.0,0.25
1117,22220.0,-0.3314743,Vp,15.0,20,750.0,20.0,1500.0,1500,1500.0,1.0,40.0,0.25
1118,22230.0,-0.15427017,Vp,15.0,20,750.0,20.0,1500.0,1500,1500.0,1.0,40.0,0.25
1119,22240.0,-0.3385315,Vp,15.0,20,750.0,20.0,1500.0,1500,1500.0,1.0,40.0,0.25
1120,22250.0,-0.5632858,Vp,15.0,20,750.0,20.0,1500.0,1500,1500.0,1.0,40.0,0.25
1121,22260.0,-0.16677475,Vp,15.0,20,750.0,20.0,1500.0,1500,1500.0,1.0,40.0,0.25
1122,22270.0,-0.39951706,Vp,15.0,20,750.0,20.0,1500.0,1500,1500.0,1.0,40.0,0.25
1123,22280.0,-0.44478226,Vp,15.0,20,750.0,20.0,1500.0,1500,1500.0,1.0,40.0,0.25
1124,22290.0,-0.4633026,Vp,15.0,20,750.0,20.0,1500.0,1500,1500.0,1.0,40.0,0.25
1125,22300.0,-0.39513397,Vp,15.0,20,750.0,20.0,1500.0,1500,1500.0,1.0,40.0,0.25
1126,22310.0,-0.13111115,Vp,15.0,20,750.0,20.0,1500.0,1500,1500.0,1.0,40.0,0.25
1127,22320.0,-0.3947754,Vp,15.0,20,750.0,20.0,1500.0,1500,1500.0,1.0,40.0,0.25
1128,22330.0,-0.3334198,Vp,15.0,20,750.0,20.0,1500.0,1500,1500.0,1.0,40.0,0.25
1129,22340.0,-0.2856369,Vp,15.0,20,750.0,20.0,1500.0,1500,1500.0,1.0,40.0,0.25
1130,24060.0,-0.21321869,Vp,15.0,20,750.0,20.0,1500.0,1500,1500.0,1.0,40.0,0.25
1131,24070.0,-0.53442,Vp,15.0,20,750.0,20.0,1500.0,1500,1500.0,1.0,40.0,0.25
1132,24080.0,-0.41817093,Vp,15.0,20,750.0,20.0,1500.0,1500,1500.0,1.0,40.0,0.25
1133,24090.0,-0.3692932,Vp,15.0,20,750.0,20.0,1500.0,1500,1500.0,1.0,40.0,0.25
1134,24100.0,-0.34096527,Vp,15.0,20,750.0,20.0,1500.0,1500,1500.0,1.0,40.0,0.25
1135,24110.0,-0.4481163,Vp,15.0,20,750.0,20.0,1500.0,1500,1500.0,1.0,40.0,0.25
1136,24120.0,-0.5498085,Vp,15.0,20,750.0,20.0,1500.0,1500,1500.0,1.0,40.0,0.25
1137,24130.0,-0.6523895,Vp,15.0,20,750.0,20.0,1500.0,1500,1500.0,1.0,40.0,0.25
1138,24140.0,-0.12327194,Vp,15.0,20,750.0,20.0,1500.0,1500,1500.0,1.0,40.0,0.25
1139,24150.0,-0.15237808,Vp,15.0,20,750.0,20.0,1500.0,1500,1500.0,1.0,40.0,0.25
1140,24160.0,-0.71323013,Vp,15.0,20,750.0,20.0,1500.0,1500,1500.0,1.0,40.0,0.25
1141,24170.0,-0.23233032,Vp,15.0,20,750.0,20.0,1500.0,1500,1500.0,1.0,40.0,0.25
1142,24180.0,0.21260452,Vp,15.0,20,750.0,20.0,1500.0,1500,1500.0,1.0,40.0,0.25
1143,24190.0,-0.37726212,Vp,15.0,20,750.0,20.0,1500.0,1500,1500.0,1.0,40.0,0.25
1144,24200.0,-0.5939903,Vp,15.0,20,750.0,20.0,1500.0,1500,1500.0,1.0,40.0,0.25
1145,24210.0,-0.30429077,Vp,15.0,20,750.0,20.0,1500.0,1500,1500.0,1.0,40.0,0.25
1146,24220.0,-0.19303894,Vp,15.0,20,750.0,20.0,1500.0,1500,1500.0,1.0,40.0,0.25
1147,24230.0,-0.4820366,Vp,15.0,20,750.0,20.0,1500.0,1500,1500.0,1.0,40.0,0.25
1148,24240.0,-0.5345001,Vp,15.0,20,750.0,20.0,1500.0,1500,1500.0,1.0,40.0,0.25
1149,24250.0,-0.4171486,Vp,15.0,20,750.0,20.0,1500.0,1500,1500.0,1.0,40.0,0.25
1150,24260.0,-0.41318893,Vp,15.0,20,750.0,20.0,1500.0,1500,1500.0,1.0,40.0,0.25
1151,24270.0,-0.37256622,Vp,15.0,20,750.0,20.0,1500.0,1500,1500.0,1.0,40.0,0.25
1152,24280.0,-0.4242897,Vp,15.0,20,750.0,20.0,1500.0,1500,1500.0,1.0,40.0,0.25
1153,24290.0,-0.45432663,Vp,15.0,20,750.0,20.0,1500.0,1500,1500.0,1.0,40.0,0.25
1154,24300.0,-0.4384613,Vp,15.0,20,750.0,20.0,1500.0,1500,1500.0,1.0,40.0,0.25
1155,24310.0,-0.413929,Vp,15.0,20,750.0,20.0,1500.0,1500,1500.0,1.0,40.0,0.25
1156,24320.0,-0.5489197,Vp,15.0,20,750.0,20.0,1500.0,1500,1500.0,1.0,40.0,0.25
1157,24330.0,-0.44296265,Vp,15.0,20,750.0,20.0,1500.0,1500,1500.0,1.0,40.0,0.25
1158,24340.0,-0.739151,Vp,15.0,20,750.0,20.0,1500.0,1500,1500.0,1.0,40.0,0.25
1159,24350.0,-0.3667717,Vp,15.0,20,750.0,20.0,1500.0,1500,1500.0,1.0,40.0,0.25
1160,24360.0,-0.07991791,Vp,15.0,20,750.0,20.0,1500.0,1500,1500.0,1.0,40.0,0.25
1161,24370.0,-0.26820374,Vp,15.0,20,750.0,20.0,1500.0,1500,1500.0,1.0,40.0,0.25
1162,24380.0,-0.51974106,Vp,15.0,20,750.0,20.0,1500.0,1500,1500.0,1.0,40.0,0.25
1163,24390.0,-0.441185,Vp,15.0,20,750.0,20.0,1500.0,1500,1500.0,1.0,40.0,0.25
1164,24400.0,-0.27490997,Vp,15.0,20,750.0,20.0,1500.0,1500,1500.0,1.0,40.0,0.25
1165,24410.0,-0.51836395,Vp,15.0,20,750.0,20.0,1500.0,1500,1500.0,1.0,40.0,0.25
1166,24420.0,-0.42110825,Vp,15.0,20,750.0,20.0,1500.0,1500,1500.0,1.0,40.0,0.25
1167,24430.0,-0.30723953,Vp,15.0,20,750.0,20.0,1500.0,1500,1500.0,1.0,40.0,0.25
1168,24440.0,-0.44961166,Vp,15.0,20,750.0,20.0,1500.0,1500,1500.0,1.0,40.0,0.25
1169,24450.0,-0.50328064,Vp,15.0,20,750.0,20.0,1500.0,1500,1500.0,1.0,40.0,0.25
1170,24460.0,-0.4770279,Vp,15.0,20,750.0,20.0,1500.0,1500,1500.0,1.0,40.0,0.25
1171,24470.0,-0.20673752,Vp,15.0,20,750.0,20.0,1500.0,1500,1500.0,1.0,40.0,0.25
1172,24480.0,-0.42243576,Vp,15.0,20,750.0,20.0,1500.0,1500,1500.0,1.0,40.0,0.25
1173,24490.0,-0.55698013,Vp,15.0,20,750.0,20.0,1500.0,1500,1500.0,1.0,40.0,0.25
1174,24500.0,-0.40307236,Vp,15.0,20,750.0,20.0,1500.0,1500,1500.0,1.0,40.0,0.25
1175,24510.0,-0.3197899,Vp,15.0,20,750.0,20.0,1500.0,1500,1500.0,1.0,40.0,0.25
1176,24520.0,-0.25707245,Vp,15.0,20,750.0,20.0,1500.0,1500,1500.0,1.0,40.0,0.25
1177,24530.0,-0.45149994,Vp,15.0,20,750.0,20.0,1500.0,1500,1500.0,1.0,40.0,0.25
1178,24540.0,-0.53149414,Vp,15.0,20,750.0,20.0,1500.0,1500,1500.0,1.0,40.0,0.25
1179,24550.0,-0.31198502,Vp,15.0,20,750.0,20.0,1500.0,1500,1500.0,1.0,40.0,0.25
1180,24560.0,-0.41543198,Vp,15.0,20,750.0,20.0,1500.0,1500,1500.0,1.0,40.0,0.25
1181,24570.0,-0.452816,Vp,15.0,20,750.0,20.0,1500.0,1500,1500.0,1.0,40.0,0.25
1182,24580.0,-0.38713837,Vp,15.0,20,750.0,20.0,1500.0,1500,1500.0,1.0,40.0,0.25
1183,24590.0,-0.30207062,Vp,15.0,20,750.0,20.0,1500.0,1500,1500.0,1.0,40.0,0.25
1184,24600.0,-0.43009567,Vp,15.0,20,750.0,20.0,1500.0,1500,1500.0,1.0,40.0,0.25
1185,24610.0,-0.85302734,Vp,15.0,20,750.0,20.0,1500.0,1500,1500.0,1.0,40.0,0.25
1186,24620.0,-0.3176384,Vp,15.0,20,750.0,20.0,1500.0,1500,1500.0,1.0,40.0,0.25
1187,24630.0,0.07358551,Vp,15.0,20,750.0,20.0,1500.0,1500,1500.0,1.0,40.0,0.25
1188,24640.0,-0.2959671,Vp,15.0,20,750.0,20.0,1500.0,1500,1500.0,1.0,40.0,0.25
1189,24650.0,-0.49340057,Vp,15.0,20,750.0,20.0,1500.0,1500,1500.0,1.0,40.0,0.25
1190,24660.0,-0.3004074,Vp,15.0,20,750.0,20.0,1500.0,1500,1500.0,1.0,40.0,0.25
1191,24670.0,-0.4155197,Vp,15.0,20,750.0,20.0,1500.0,1500,1500.0,1.0,40.0,0.25
1192,24680.0,-0.4285431,Vp,15.0,20,750.0,20.0,1500.0,1500,1500.0,1.0,40.0,0.25
1193,24690.0,-0.49745178,Vp,15.0,20,750.0,20.0,1500.0,1500,1500.0,1.0,40.0,0.25
1194,24700.0,-0.49363708,Vp,15.0,20,750.0,20.0,1500.0,1500,1500.0,1.0,40.0,0.25
1195,24710.0,-0.3196144,Vp,15.0,20,750.0,20.0,1500.0,1500,1500.0,1.0,40.0,0.25
1196,24720.0,-0.18479156,Vp,15.0,20,750.0,20.0,1500.0,1500,1500.0,1.0,40.0,0.25
1197,24730.0,-0.24079514,Vp,15.0,20,750.0,20.0,1500.0,1500,1500.0,1.0,40.0,0.25
1198,24740.0,-0.4014969,Vp,15.0,20,750.0,20.0,1500.0,1500,1500.0,1.0,40.0,0.25
1199,24750.0,-0.5804825,Vp,15.0,20,750.0,20.0,1500.0,1500,1500.0,1.0,40.0,0.25
1200,24760.0,-0.16338348,Vp,15.0,20,750.0,20.0,1500.0,1500,1500.0,1.0,40.0,0.25
1201,24770.0,-0.23030472,Vp,15.0,20,750.0,20.0,1500.0,1500,1500.0,1.0,40.0,0.25
1202,24780.0,-0.4564209,Vp,15.0,20,750.0,20.0,1500.0,1500,1500.0,1.0,40.0,0.25
1203,24790.0,-0.6192932,Vp,15.0,20,750.0,20.0,1500.0,1500,1500.0,1.0,40.0,0.25
1204,24800.0,-0.7168236,Vp,15.0,20,750.0,20.0,1500.0,1500,1500.0,1.0,40.0,0.25
1205,24810.0,0.23744583,Vp,15.0,20,750.0,20.0,1500.0,1500,1500.0,1.0,40.0,0.25
1206,24820.0,5.0237503,Vp,15.0,20,750.0,20.0,1500.0,1500,1500.0,1.0,40.0,0.25
1207,24830.0,6.6288986,Vp,15.0,20,750.0,20.0,1500.0,1500,1500.0,1.0,40.0,0.25
1208,24840.0,5.7294464,Vp,15.0,20,750.0,20.0,1500.0,1500,1500.0,1.0,40.0,0.25
1209,24850.0,4.4949646,Vp,15.0,20,750.0,20.0,1500.0,1500,1500.0,1.0,40.0,0.25
1210,24860.0,3.5009766,Vp,15.0,20,750.0,20.0,1500.0,1500,1500.0,1.0,40.0,0.25
1211,24870.0,2.8063354,Vp,15.0,20,750.0,20.0,1500.0,1500,1500.0,1.0,40.0,0.25
1212,24880.0,2.3568077,Vp,15.0,20,750.0,20.0,1500.0,1500,1500.0,1.0,40.0,0.25
1213,24890.0,2.0618553,Vp,15.0,20,750.0,20.0,1500.0,1500,1500.0,1.0,40.0,0.25
1214,24900.0,1.8747444,Vp,15.0,20,750.0,20.0,1500.0,1500,1500.0,1.0,40.0,0.25
1215,24910.0,1.7170601,Vp,15.0,20,750.0,20.0,1500.0,1500,1500.0,1.0,40.0,0.25
1216,24920.0,1.6585236,Vp,15.0,20,750.0,20.0,1500.0,1500,1500.0,1.0,40.0,0.25
1217,24930.0,1.5874596,Vp,15.0,20,750.0,20.0,1500.0,1500,1500.0,1.0,40.0,0.25
1218,24940.0,1.5077438,Vp,15.0,20,750.0,20.0,1500.0,1500,1500.0,1.0,40.0,0.25
1219,24950.0,1.5031891,Vp,15.0,20,750.0,20.0,1500.0,1500,1500.0,1.0,40.0,0.25
1220,24960.0,1.4949875,Vp,15.0,20,750.0,20.0,1500.0,1500,1500.0,1.0,40.0,0.25
1221,24970.0,1.450737,Vp,15.0,20,750.0,20.0,1500.0,1500,1500.0,1.0,40.0,0.25
1222,24980.0,1.4001961,Vp,15.0,20,750.0,20.0,1500.0,1500,1500.0,1.0,40.0,0.25
1223,24990.0,1.3484077,Vp,15.0,20,750.0,20.0,1500.0,1500,1500.0,1.0,40.0,0.25
1224,25000.0,1.2836609,Vp,15.0,20,750.0,20.0,1500.0,1500,1500.0,1.0,40.0,0.25
1225,25010.0,1.238987,Vp,15.0,20,750.0,20.0,1500.0,1500,1500.0,1.0,40.0,0.25
1226,25020.0,1.1743698,Vp,15.0,20,750.0,20.0,1500.0,1500,1500.0,1.0,40.0,0.25
1227,25030.0,1.137291,Vp,15.0,20,750.0,20.0,1500.0,1500,1500.0,1.0,40.0,0.25
1228,25040.0,1.1344604,Vp,15.0,20,750.0,20.0,1500.0,1500,1500.0,1.0,40.0,0.25
1229,25050.0,1.0970535,Vp,15.0,20,750.0,20.0,1500.0,1500,1500.0,1.0,40.0,0.25
1230,25060.0,1.0293884,Vp,15.0,20,750.0,20.0,1500.0,1500,1500.0,1.0,40.0,0.25
1231,25070.0,0.9421272,Vp,15.0,20,750.0,20.0,1500.0,1500,1500.0,1.0,40.0,0.25
1232,25080.0,0.8542366,Vp,15.0,20,750.0,20.0,1500.0,1500,1500.0,1.0,40.0,0.25
1233,25090.0,0.7030945,Vp,15.0,20,750.0,20.0,1500.0,1500,1500.0,1.0,40.0,0.25
1234,25100.0,0.55231094,Vp,15.0,20,750.0,20.0,1500.0,1500,1500.0,1.0,40.0,0.25
1235,25110.0,0.4764862,Vp,15.0,20,750.0,20.0,1500.0,1500,1500.0,1.0,40.0,0.25
1236,25120.0,0.38758087,Vp,15.0,20,750.0,20.0,1500.0,1500,1500.0,1.0,40.0,0.25
1237,25130.0,0.37103653,Vp,15.0,20,750.0,20.0,1500.0,1500,1500.0,1.0,40.0,0.25
1238,25140.0,0.20407486,Vp,15.0,20,750.0,20.0,1500.0,1500,1500.0,1.0,40.0,0.25
1239,25150.0,-0.007217407,Vp,15.0,20,750.0,20.0,1500.0,1500,1500.0,1.0,40.0,0.25
1240,25160.0,-0.022125244,Vp,15.0,20,750.0,20.0,1500.0,1500,1500.0,1.0,40.0,0.25
1241,25170.0,-0.027442932,Vp,15.0,20,750.0,20.0,1500.0,1500,1500.0,1.0,40.0,0.25
1242,25180.0,-0.06296539,Vp,15.0,20,750.0,20.0,1500.0,1500,1500.0,1.0,40.0,0.25
1243,25190.0,-0.13095856,Vp,15.0,20,750.0,20.0,1500.0,1500,1500.0,1.0,40.0,0.25
1244,25200.0,-0.2693367,Vp,15.0,20,750.0,20.0,1500.0,1500,1500.0,1.0,40.0,0.25
1245,25210.0,-0.4322319,Vp,15.0,20,750.0,20.0,1500.0,1500,1500.0,1.0,40.0,0.25
1246,25220.0,-0.3672638,Vp,15.0,20,750.0,20.0,1500.0,1500,1500.0,1.0,40.0,0.25
1247,25230.0,-0.36812592,Vp,15.0,20,750.0,20.0,1500.0,1500,1500.0,1.0,40.0,0.25
1248,25240.0,-0.25941467,Vp,15.0,20,750.0,20.0,1500.0,1500,1500.0,1.0,40.0,0.25
1249,25250.0,-0.25741577,Vp,15.0,20,750.0,20.0,1500.0,1500,1500.0,1.0,40.0,0.25
1250,25260.0,-0.29544067,Vp,15.0,20,750.0,20.0,1500.0,1500,1500.0,1.0,40.0,0.25
1251,25270.0,-0.25367355,Vp,15.0,20,750.0,20.0,1500.0,1500,1500.0,1.0,40.0,0.25
1252,25280.0,-0.23013687,Vp,15.0,20,750.0,20.0,1500.0,1500,1500.0,1.0,40.0,0.25
1253,25290.0,-0.31019592,Vp,15.0,20,750.0,20.0,1500.0,1500,1500.0,1.0,40.0,0.25
1254,25300.0,-0.32248688,Vp,15.0,20,750.0,20.0,1500.0,1500,1500.0,1.0,40.0,0.25
1255,25310.0,-0.29690552,Vp,15.0,20,750.0,20.0,1500.0,1500,1500.0,1.0,40.0,0.25
1256,25320.0,0.035655975,Vp,15.0,20,750.0,20.0,1500.0,1500,1500.0,1.0,40.0,0.25
1257,25330.0,-0.28691483,Vp,15.0,20,750.0,20.0,1500.0,1500,1500.0,1.0,40.0,0.25
1258,25340.0,-0.28564835,Vp,15.0,20,750.0,20.0,1500.0,1500,1500.0,1.0,40.0,0.25
1259,25350.0,-0.09460831,Vp,15.0,20,750.0,20.0,1500.0,1500,1500.0,1.0,40.0,0.25
1260,25360.0,-0.08657074,Vp,15.0,20,750.0,20.0,1500.0,1500,1500.0,1.0,40.0,0.25
1261,25370.0,-0.2969017,Vp,15.0,20,750.0,20.0,1500.0,1500,1500.0,1.0,40.0,0.25
1262,25380.0,-0.2577591,Vp,15.0,20,750.0,20.0,1500.0,1500,1500.0,1.0,40.0,0.25
1263,25390.0,-0.37218094,Vp,15.0,20,750.0,20.0,1500.0,1500,1500.0,1.0,40.0,0.25
1264,25400.0,-0.44260788,Vp,15.0,20,750.0,20.0,1500.0,1500,1500.0,1.0,40.0,0.25
1265,25410.0,-0.19127274,Vp,15.0,20,750.0,20.0,1500.0,1500,1500.0,1.0,40.0,0.25
1266,25420.0,-0.28493118,Vp,15.0,20,750.0,20.0,1500.0,1500,1500.0,1.0,40.0,0.25
1267,25430.0,-0.24490738,Vp,15.0,20,750.0,20.0,1500.0,1500,1500.0,1.0,40.0,0.25
1268,25440.0,-0.18597794,Vp,15.0,20,750.0,20.0,1500.0,1500,1500.0,1.0,40.0,0.25
1269,25450.0,-0.13420105,Vp,15.0,20,750.0,20.0,1500.0,1500,1500.0,1.0,40.0,0.25
1270,25460.0,-0.40068436,Vp,15.0,20,750.0,20.0,1500.0,1500,1500.0,1.0,40.0,0.25
1271,25470.0,-0.24830246,Vp,15.0,20,750.0,20.0,1500.0,1500,1500.0,1.0,40.0,0.25
1272,25480.0,-0.07215881,Vp,15.0,20,750.0,20.0,1500.0,1500,1500.0,1.0,40.0,0.25
1273,25490.0,-0.262249,Vp,15.0,20,750.0,20.0,1500.0,1500,1500.0,1.0,40.0,0.25
1274,25500.0,-0.14396286,Vp,15.0,20,750.0,20.0,1500.0,1500,1500.0,1.0,40.0,0.25
1275,25510.0,-0.1486206,Vp,15.0,20,750.0,20.0,1500.0,1500,1500.0,1.0,40.0,0.25
1276,25520.0,-0.3165207,Vp,15.0,20,750.0,20.0,1500.0,1500,1500.0,1.0,40.0,0.25
1277,25530.0,-0.3510666,Vp,15.0,20,750.0,20.0,1500.0,1500,1500.0,1.0,40.0,0.25
1278,25540.0,5.722046e-05,Vp,15.0,20,750.0,20.0,1500.0,1500,1500.0,1.0,40.0,0.25
1279,25550.0,-0.09444046,Vp,15.0,20,750.0,20.0,1500.0,1500,1500.0,1.0,40.0,0.25
1280,25560.0,-0.40039062,Vp,15.0,20,750.0,20.0,1500.0,1500,1500.0,1.0,40.0,0.25
1281,25570.0,0.14619827,Vp,15.0,20,750.0,20.0,1500.0,1500,1500.0,1.0,40.0,0.25
1282,25580.0,-0.13796234,Vp,15.0,20,750.0,20.0,1500.0,1500,1500.0,1.0,40.0,0.25
1283,25590.0,-0.3614807,Vp,15.0,20,750.0,20.0,1500.0,1500,1500.0,1.0,40.0,0.25
1284,25600.0,-0.21438599,Vp,15.0,20,750.0,20.0,1500.0,1500,1500.0,1.0,40.0,0.25
1285,25610.0,-0.14702988,Vp,15.0,20,750.0,20.0,1500.0,1500,1500.0,1.0,40.0,0.25
1286,25620.0,-0.19610596,Vp,15.0,20,750.0,20.0,1500.0,1500,1500.0,1.0,40.0,0.25
1287,25630.0,-0.21175003,Vp,15.0,20,750.0,20.0,1500.0,1500,1500.0,1.0,40.0,0.25
1288,25640.0,-0.31533432,Vp,15.0,20,750.0,20.0,1500.0,1500,1500.0,1.0,40.0,0.25
1289,25650.0,-0.13589478,Vp,15.0,20,750.0,20.0,1500.0,1500,1500.0,1.0,40.0,0.25
1290,25660.0,-0.46878052,Vp,15.0,20,750.0,20.0,1500.0,1500,1500.0,1.0,40.0,0.25
1291,25670.0,-0.29263687,Vp,15.0,20,750.0,20.0,1500.0,1500,1500.0,1.0,40.0,0.25
1292,25680.0,-0.09090805,Vp,15.0,20,750.0,20.0,1500.0,1500,1500.0,1.0,40.0,0.25
1293,25690.0,-0.43083572,Vp,15.0,20,750.0,20.0,1500.0,1500,1500.0,1.0,40.0,0.25
1294,25700.0,-0.4423027,Vp,15.0,20,750.0,20.0,1500.0,1500,1500.0,1.0,40.0,0.25
1295,25710.0,-0.0809288,Vp,15.0,20,750.0,20.0,1500.0,1500,1500.0,1.0,40.0,0.25
1296,25720.0,-0.03472519,Vp,15.0,20,750.0,20.0,1500.0,1500,1500.0,1.0,40.0,0.25
1297,25730.0,-0.23754501,Vp,15.0,20,750.0,20.0,1500.0,1500,1500.0,1.0,40.0,0.25
1298,25740.0,-0.090740204,Vp,15.0,20,750.0,20.0,1500.0,1500,1500.0,1.0,40.0,0.25
1299,25750.0,-0.27225113,Vp,15.0,20,750.0,20.0,1500.0,1500,1500.0,1.0,40.0,0.25
1300,25760.0,-0.22034073,Vp,15.0,20,750.0,20.0,1500.0,1500,1500.0,1.0,40.0,0.25
1301,25770.0,-0.11190033,Vp,15.0,20,750.0,20.0,1500.0,1500,1500.0,1.0,40.0,0.25
1302,25780.0,-0.13041687,Vp,15.0,20,750.0,20.0,1500.0,1500,1500.0,1.0,40.0,0.25
1303,25790.0,-0.44454575,Vp,15.0,20,750.0,20.0,1500.0,1500,1500.0,1.0,40.0,0.25
1304,25800.0,-0.33730316,Vp,15.0,20,750.0,20.0,1500.0,1500,1500.0,1.0,40.0,0.25
1305,25810.0,-0.31487274,Vp,15.0,20,750.0,20.0,1500.0,1500,1500.0,1.0,40.0,0.25
1306,25820.0,-0.42031097,Vp,15.0,20,750.0,20.0,1500.0,1500,1500.0,1.0,40.0,0.25
1307,25830.0,-0.26077652,Vp,15.0,20,750.0,20.0,1500.0,1500,1500.0,1.0,40.0,0.25
1308,25840.0,-0.33135223,Vp,15.0,20,750.0,20.0,1500.0,1500,1500.0,1.0,40.0,0.25
1309,25850.0,-0.35939026,Vp,15.0,20,750.0,20.0,1500.0,1500,1500.0,1.0,40.0,0.25
1310,25860.0,-0.39271927,Vp,15.0,20,750.0,20.0,1500.0,1500,1500.0,1.0,40.0,0.25
1311,25870.0,-0.5443764,Vp,15.0,20,750.0,20.0,1500.0,1500,1500.0,1.0,40.0,0.25
1312,25880.0,-0.08039856,Vp,15.0,20,750.0,20.0,1500.0,1500,1500.0,1.0,40.0,0.25
1313,25890.0,-0.25994873,Vp,15.0,20,750.0,20.0,1500.0,1500,1500.0,1.0,40.0,0.25
1314,25900.0,-0.39533234,Vp,15.0,20,750.0,20.0,1500.0,1500,1500.0,1.0,40.0,0.25
1315,25910.0,-0.2864189,Vp,15.0,20,750.0,20.0,1500.0,1500,1500.0,1.0,40.0,0.25
1316,25920.0,-0.44835663,Vp,15.0,20,750.0,20.0,1500.0,1500,1500.0,1.0,40.0,0.25
1317,25930.0,-0.39177322,Vp,15.0,20,750.0,20.0,1500.0,1500,1500.0,1.0,40.0,0.25
1318,25940.0,-0.24021912,Vp,15.0,20,750.0,20.0,1500.0,1500,1500.0,1.0,40.0,0.25
1319,25950.0,-0.43127823,Vp,15.0,20,750.0,20.0,1500.0,1500,1500.0,1.0,40.0,0.25
1320,25960.0,-0.07725906,Vp,15.0,20,750.0,20.0,1500.0,1500,1500.0,1.0,40.0,0.25
1321,25970.0,-0.48039246,Vp,15.0,20,750.0,20.0,1500.0,1500,1500.0,1.0,40.0,0.25
1322,25980.0,-0.3810959,Vp,15.0,20,750.0,20.0,1500.0,1500,1500.0,1.0,40.0,0.25
1323,25990.0,-0.118652344,Vp,15.0,20,750.0,20.0,1500.0,1500,1500.0,1.0,40.0,0.25
1324,26000.0,-0.28856277,Vp,15.0,20,750.0,20.0,1500.0,1500,1500.0,1.0,40.0,0.25
1325,26010.0,-0.4008217,Vp,15.0,20,750.0,20.0,1500.0,1500,1500.0,1.0,40.0,0.25
1326,26020.0,-0.23036194,Vp,15.0,20,750.0,20.0,1500.0,1500,1500.0,1.0,40.0,0.25
1327,26030.0,-0.3923416,Vp,15.0,20,750.0,20.0,1500.0,1500,1500.0,1.0,40.0,0.25
1328,26040.0,-0.4217415,Vp,15.0,20,750.0,20.0,1500.0,1500,1500.0,1.0,40.0,0.25
1329,26050.0,-0.15138245,Vp,15.0,20,750.0,20.0,1500.0,1500,1500.0,1.0,40.0,0.25
1330,26060.0,-0.34960175,Vp,15.0,20,750.0,20.0,1500.0,1500,1500.0,1.0,40.0,0.25
1331,26070.0,-0.45441437,Vp,15.0,20,750.0,20.0,1500.0,1500,1500.0,1.0,40.0,0.25
1332,26080.0,-0.2693138,Vp,15.0,20,750.0,20.0,1500.0,1500,1500.0,1.0,40.0,0.25
1333,26090.0,-0.3149147,Vp,15.0,20,750.0,20.0,1500.0,1500,1500.0,1.0,40.0,0.25
1334,26100.0,-0.4370613,Vp,15.0,20,750.0,20.0,1500.0,1500,1500.0,1.0,40.0,0.25
1335,26110.0,-0.27932358,Vp,15.0,20,750.0,20.0,1500.0,1500,1500.0,1.0,40.0,0.25
1336,26120.0,-0.28489685,Vp,15.0,20,750.0,20.0,1500.0,1500,1500.0,1.0,40.0,0.25
1337,26130.0,-0.4634285,Vp,15.0,20,750.0,20.0,1500.0,1500,1500.0,1.0,40.0,0.25
1338,26140.0,-0.37989807,Vp,15.0,20,750.0,20.0,1500.0,1500,1500.0,1.0,40.0,0.25
1339,26150.0,0.022762299,Vp,15.0,20,750.0,20.0,1500.0,1500,1500.0,1.0,40.0,0.25
1340,26160.0,-0.22816467,Vp,15.0,20,750.0,20.0,1500.0,1500,1500.0,1.0,40.0,0.25
1341,26170.0,-0.57995605,Vp,15.0,20,750.0,20.0,1500.0,1500,1500.0,1.0,40.0,0.25
1342,26180.0,-0.300251,Vp,15.0,20,750.0,20.0,1500.0,1500,1500.0,1.0,40.0,0.25
1343,26190.0,-0.11505127,Vp,15.0,20,750.0,20.0,1500.0,1500,1500.0,1.0,40.0,0.25
1344,26200.0,-0.5448303,Vp,15.0,20,750.0,20.0,1500.0,1500,1500.0,1.0,40.0,0.25
1345,26210.0,-0.5292015,Vp,15.0,20,750.0,20.0,1500.0,1500,1500.0,1.0,40.0,0.25
1346,26220.0,-0.25387955,Vp,15.0,20,750.0,20.0,1500.0,1500,1500.0,1.0,40.0,0.25
1347,26230.0,-0.30436707,Vp,15.0,20,750.0,20.0,1500.0,1500,1500.0,1.0,40.0,0.25
1348,26240.0,-0.47459412,Vp,15.0,20,750.0,20.0,1500.0,1500,1500.0,1.0,40.0,0.25
1349,26250.0,-0.41742325,Vp,15.0,20,750.0,20.0,1500.0,1500,1500.0,1.0,40.0,0.25
1350,26260.0,-0.35610962,Vp,15.0,20,750.0,20.0,1500.0,1500,1500.0,1.0,40.0,0.25
1351,26270.0,-0.42696,Vp,15.0,20,750.0,20.0,1500.0,1500,1500.0,1.0,40.0,0.25
1352,26280.0,-0.41065216,Vp,15.0,20,750.0,20.0,1500.0,1500,1500.0,1.0,40.0,0.25
1353,26290.0,-0.37444687,Vp,15.0,20,750.0,20.0,1500.0,1500,1500.0,1.0,40.0,0.25
1354,26300.0,-0.37932968,Vp,15.0,20,750.0,20.0,1500.0,1500,1500.0,1.0,40.0,0.25
1355,26310.0,-0.3546753,Vp,15.0,20,750.0,20.0,1500.0,1500,1500.0,1.0,40.0,0.25
1356,27930.0,-0.4292183,Vp,15.0,20,750.0,20.0,1500.0,1500,1500.0,1.0,40.0,0.25
1357,27940.0,-0.47943497,Vp,15.0,20,750.0,20.0,1500.0,1500,1500.0,1.0,40.0,0.25
1358,27950.0,-0.4360199,Vp,15.0,20,750.0,20.0,1500.0,1500,1500.0,1.0,40.0,0.25
1359,27960.0,-0.26093674,Vp,15.0,20,750.0,20.0,1500.0,1500,1500.0,1.0,40.0,0.25
1360,27970.0,-0.35653305,Vp,15.0,20,750.0,20.0,1500.0,1500,1500.0,1.0,40.0,0.25
1361,27980.0,-0.649601,Vp,15.0,20,750.0,20.0,1500.0,1500,1500.0,1.0,40.0,0.25
1362,27990.0,-0.54351807,Vp,15.0,20,750.0,20.0,1500.0,1500,1500.0,1.0,40.0,0.25
1363,28000.0,-0.33102798,Vp,15.0,20,750.0,20.0,1500.0,1500,1500.0,1.0,40.0,0.25
1364,28010.0,-0.5077858,Vp,15.0,20,750.0,20.0,1500.0,1500,1500.0,1.0,40.0,0.25
1365,28020.0,-0.22982788,Vp,15.0,20,750.0,20.0,1500.0,1500,1500.0,1.0,40.0,0.25
1366,28030.0,-0.031684875,Vp,15.0,20,750.0,20.0,1500.0,1500,1500.0,1.0,40.0,0.25
1367,28040.0,-0.49036026,Vp,15.0,20,750.0,20.0,1500.0,1500,1500.0,1.0,40.0,0.25
1368,28050.0,-0.5121231,Vp,15.0,20,750.0,20.0,1500.0,1500,1500.0,1.0,40.0,0.25
1369,28060.0,-0.45669937,Vp,15.0,20,750.0,20.0,1500.0,1500,1500.0,1.0,40.0,0.25
1370,28070.0,-0.5251312,Vp,15.0,20,750.0,20.0,1500.0,1500,1500.0,1.0,40.0,0.25
1371,28080.0,-0.44213486,Vp,15.0,20,750.0,20.0,1500.0,1500,1500.0,1.0,40.0,0.25
1372,28090.0,-0.43235016,Vp,15.0,20,750.0,20.0,1500.0,1500,1500.0,1.0,40.0,0.25
1373,28100.0,-0.4907303,Vp,15.0,20,750.0,20.0,1500.0,1500,1500.0,1.0,40.0,0.25
1374,28110.0,-0.59314346,Vp,15.0,20,750.0,20.0,1500.0,1500,1500.0,1.0,40.0,0.25
1375,28120.0,-0.35701752,Vp,15.0,20,750.0,20.0,1500.0,1500,1500.0,1.0,40.0,0.25
1376,28130.0,-0.26522064,Vp,15.0,20,750.0,20.0,1500.0,1500,1500.0,1.0,40.0,0.25
1377,28140.0,-0.44264603,Vp,15.0,20,750.0,20.0,1500.0,1500,1500.0,1.0,40.0,0.25
1378,28150.0,-0.58299255,Vp,15.0,20,750.0,20.0,1500.0,1500,1500.0,1.0,40.0,0.25
1379,28160.0,-0.35967255,Vp,15.0,20,750.0,20.0,1500.0,1500,1500.0,1.0,40.0,0.25
1380,28170.0,-0.282547,Vp,15.0,20,750.0,20.0,1500.0,1500,1500.0,1.0,40.0,0.25
1381,28180.0,-0.5138092,Vp,15.0,20,750.0,20.0,1500.0,1500,1500.0,1.0,40.0,0.25
1382,28190.0,-0.3954506,Vp,15.0,20,750.0,20.0,1500.0,1500,1500.0,1.0,40.0,0.25
1383,28200.0,-0.34806824,Vp,15.0,20,750.0,20.0,1500.0,1500,1500.0,1.0,40.0,0.25
1384,28210.0,-0.4072876,Vp,15.0,20,750.0,20.0,1500.0,1500,1500.0,1.0,40.0,0.25
1385,28220.0,-0.49766922,Vp,15.0,20,750.0,20.0,1500.0,1500,1500.0,1.0,40.0,0.25
1386,28230.0,-0.46471024,Vp,15.0,20,750.0,20.0,1500.0,1500,1500.0,1.0,40.0,0.25
1387,28240.0,-0.33894348,Vp,15.0,20,750.0,20.0,1500.0,1500,1500.0,1.0,40.0,0.25
1388,28250.0,-0.49729538,Vp,15.0,20,750.0,20.0,1500.0,1500,1500.0,1.0,40.0,0.25
1389,28260.0,-0.48800278,Vp,15.0,20,750.0,20.0,1500.0,1500,1500.0,1.0,40.0,0.25
1390,28270.0,-0.18576813,Vp,15.0,20,750.0,20.0,1500.0,1500,1500.0,1.0,40.0,0.25
1391,28280.0,-0.39128113,Vp,15.0,20,750.0,20.0,1500.0,1500,1500.0,1.0,40.0,0.25
1392,28290.0,-0.6398926,Vp,15.0,20,750.0,20.0,1500.0,1500,1500.0,1.0,40.0,0.25
1393,28300.0,-0.31998062,Vp,15.0,20,750.0,20.0,1500.0,1500,1500.0,1.0,40.0,0.25
1394,28310.0,-0.3184433,Vp,15.0,20,750.0,20.0,1500.0,1500,1500.0,1.0,40.0,0.25
1395,28320.0,-0.58813477,Vp,15.0,20,750.0,20.0,1500.0,1500,1500.0,1.0,40.0,0.25
1396,28330.0,-0.47194672,Vp,15.0,20,750.0,20.0,1500.0,1500,1500.0,1.0,40.0,0.25
1397,28340.0,-0.099876404,Vp,15.0,20,750.0,20.0,1500.0,1500,1500.0,1.0,40.0,0.25
1398,28350.0,-0.33337784,Vp,15.0,20,750.0,20.0,1500.0,1500,1500.0,1.0,40.0,0.25
1399,28360.0,-0.3833351,Vp,15.0,20,750.0,20.0,1500.0,1500,1500.0,1.0,40.0,0.25
1400,28370.0,-0.47400284,Vp,15.0,20,750.0,20.0,1500.0,1500,1500.0,1.0,40.0,0.25
1401,28380.0,-0.6287117,Vp,15.0,20,750.0,20.0,1500.0,1500,1500.0,1.0,40.0,0.25
1402,28390.0,-0.2274971,Vp,15.0,20,750.0,20.0,1500.0,1500,1500.0,1.0,40.0,0.25
1403,28400.0,-0.29103088,Vp,15.0,20,750.0,20.0,1500.0,1500,1500.0,1.0,40.0,0.25
1404,28410.0,-0.37438583,Vp,15.0,20,750.0,20.0,1500.0,1500,1500.0,1.0,40.0,0.25
1405,28420.0,-0.44106293,Vp,15.0,20,750.0,20.0,1500.0,1500,1500.0,1.0,40.0,0.25
1406,28430.0,-0.3530159,Vp,15.0,20,750.0,20.0,1500.0,1500,1500.0,1.0,40.0,0.25
1407,28440.0,-0.4528885,Vp,15.0,20,750.0,20.0,1500.0,1500,1500.0,1.0,40.0,0.25
1408,28450.0,-0.28787994,Vp,15.0,20,750.0,20.0,1500.0,1500,1500.0,1.0,40.0,0.25
1409,28460.0,-0.2603798,Vp,15.0,20,750.0,20.0,1500.0,1500,1500.0,1.0,40.0,0.25
1410,28470.0,-0.4077835,Vp,15.0,20,750.0,20.0,1500.0,1500,1500.0,1.0,40.0,0.25
1411,28480.0,-0.552475,Vp,15.0,20,750.0,20.0,1500.0,1500,1500.0,1.0,40.0,0.25
1412,28490.0,-0.38386536,Vp,15.0,20,750.0,20.0,1500.0,1500,1500.0,1.0,40.0,0.25
1413,28500.0,-0.058021545,Vp,15.0,20,750.0,20.0,1500.0,1500,1500.0,1.0,40.0,0.25
1414,28510.0,-0.24125671,Vp,15.0,20,750.0,20.0,1500.0,1500,1500.0,1.0,40.0,0.25
1415,28520.0,-0.49430084,Vp,15.0,20,750.0,20.0,1500.0,1500,1500.0,1.0,40.0,0.25
1416,28530.0,-0.30783844,Vp,15.0,20,750.0,20.0,1500.0,1500,1500.0,1.0,40.0,0.25
1417,28540.0,-0.15369034,Vp,15.0,20,750.0,20.0,1500.0,1500,1500.0,1.0,40.0,0.25
1418,28550.0,-0.6422272,Vp,15.0,20,750.0,20.0,1500.0,1500,1500.0,1.0,40.0,0.25
1419,28560.0,-0.5123787,Vp,15.0,20,750.0,20.0,1500.0,1500,1500.0,1.0,40.0,0.25
1420,28570.0,-0.12133789,Vp,15.0,20,750.0,20.0,1500.0,1500,1500.0,1.0,40.0,0.25
1421,28580.0,-0.36708832,Vp,15.0,20,750.0,20.0,1500.0,1500,1500.0,1.0,40.0,0.25
1422,28590.0,-0.43064117,Vp,15.0,20,750.0,20.0,1500.0,1500,1500.0,1.0,40.0,0.25
1423,28600.0,-0.14442444,Vp,15.0,20,750.0,20.0,1500.0,1500,1500.0,1.0,40.0,0.25
1424,28610.0,-0.18313599,Vp,15.0,20,750.0,20.0,1500.0,1500,1500.0,1.0,40.0,0.25
1425,28620.0,-0.32686996,Vp,15.0,20,750.0,20.0,1500.0,1500,1500.0,1.0,40.0,0.25
1426,28630.0,-0.5166359,Vp,15.0,20,750.0,20.0,1500.0,1500,1500.0,1.0,40.0,0.25
1427,28640.0,-0.5100517,Vp,15.0,20,750.0,20.0,1500.0,1500,1500.0,1.0,40.0,0.25
1428,28650.0,-0.40102005,Vp,15.0,20,750.0,20.0,1500.0,1500,1500.0,1.0,40.0,0.25
1429,28660.0,-0.42346573,Vp,15.0,20,750.0,20.0,1500.0,1500,1500.0,1.0,40.0,0.25
1430,28670.0,-0.36671448,Vp,15.0,20,750.0,20.0,1500.0,1500,1500.0,1.0,40.0,0.25
1431,28680.0,0.17139435,Vp,15.0,20,750.0,20.0,1500.0,1500,1500.0,1.0,40.0,0.25
1432,28690.0,4.990196,Vp,15.0,20,750.0,20.0,1500.0,1500,1500.0,1.0,40.0,0.25
1433,28700.0,6.655243,Vp,15.0,20,750.0,20.0,1500.0,1500,1500.0,1.0,40.0,0.25
1434,28710.0,5.7945786,Vp,15.0,20,750.0,20.0,1500.0,1500,1500.0,1.0,40.0,0.25
1435,28720.0,4.530945,Vp,15.0,20,750.0,20.0,1500.0,1500,1500.0,1.0,40.0,0.25
1436,28730.0,3.535797,Vp,15.0,20,750.0,20.0,1500.0,1500,1500.0,1.0,40.0,0.25
1437,28740.0,2.859188,Vp,15.0,20,750.0,20.0,1500.0,1500,1500.0,1.0,40.0,0.25
1438,28750.0,2.4017105,Vp,15.0,20,750.0,20.0,1500.0,1500,1500.0,1.0,40.0,0.25
1439,28760.0,2.0766182,Vp,15.0,20,750.0,20.0,1500.0,1500,1500.0,1.0,40.0,0.25
1440,28770.0,1.8784523,Vp,15.0,20,750.0,20.0,1500.0,1500,1500.0,1.0,40.0,0.25
1441,28780.0,1.7396431,Vp,15.0,20,750.0,20.0,1500.0,1500,1500.0,1.0,40.0,0.25
1442,28790.0,1.6782341,Vp,15.0,20,750.0,20.0,1500.0,1500,1500.0,1.0,40.0,0.25
1443,28800.0,1.6199875,Vp,15.0,20,750.0,20.0,1500.0,1500,1500.0,1.0,40.0,0.25
1444,28810.0,1.5742683,Vp,15.0,20,750.0,20.0,1500.0,1500,1500.0,1.0,40.0,0.25
1445,28820.0,1.5221214,Vp,15.0,20,750.0,20.0,1500.0,1500,1500.0,1.0,40.0,0.25
1446,28830.0,1.4987106,Vp,15.0,20,750.0,20.0,1500.0,1500,1500.0,1.0,40.0,0.25
1447,28840.0,1.4436913,Vp,15.0,20,750.0,20.0,1500.0,1500,1500.0,1.0,40.0,0.25
1448,28850.0,1.396534,Vp,15.0,20,750.0,20.0,1500.0,1500,1500.0,1.0,40.0,0.25
1449,28860.0,1.371788,Vp,15.0,20,750.0,20.0,1500.0,1500,1500.0,1.0,40.0,0.25
1450,28870.0,1.3417816,Vp,15.0,20,750.0,20.0,1500.0,1500,1500.0,1.0,40.0,0.25
1451,28880.0,1.3236122,Vp,15.0,20,750.0,20.0,1500.0,1500,1500.0,1.0,40.0,0.25
1452,28890.0,1.2740517,Vp,15.0,20,750.0,20.0,1500.0,1500,1500.0,1.0,40.0,0.25
1453,28900.0,1.1820564,Vp,15.0,20,750.0,20.0,1500.0,1500,1500.0,1.0,40.0,0.25
1454,28910.0,1.1286392,Vp,15.0,20,750.0,20.0,1500.0,1500,1500.0,1.0,40.0,0.25
1455,28920.0,1.0545464,Vp,15.0,20,750.0,20.0,1500.0,1500,1500.0,1.0,40.0,0.25
1456,28930.0,0.963295,Vp,15.0,20,750.0,20.0,1500.0,1500,1500.0,1.0,40.0,0.25
1457,28940.0,0.90133286,Vp,15.0,20,750.0,20.0,1500.0,1500,1500.0,1.0,40.0,0.25
1458,28950.0,0.8138237,Vp,15.0,20,750.0,20.0,1500.0,1500,1500.0,1.0,40.0,0.25
1459,28960.0,0.7212448,Vp,15.0,20,750.0,20.0,1500.0,1500,1500.0,1.0,40.0,0.25
1460,28970.0,0.65670395,Vp,15.0,20,750.0,20.0,1500.0,1500,1500.0,1.0,40.0,0.25
1461,28980.0,0.5680542,Vp,15.0,20,750.0,20.0,1500.0,1500,1500.0,1.0,40.0,0.25
1462,28990.0,0.42950058,Vp,15.0,20,750.0,20.0,1500.0,1500,1500.0,1.0,40.0,0.25
1463,29000.0,0.26411057,Vp,15.0,20,750.0,20.0,1500.0,1500,1500.0,1.0,40.0,0.25
1464,29010.0,0.15779877,Vp,15.0,20,750.0,20.0,1500.0,1500,1500.0,1.0,40.0,0.25
1465,29020.0,0.06495285,Vp,15.0,20,750.0,20.0,1500.0,1500,1500.0,1.0,40.0,0.25
1466,29030.0,0.03453827,Vp,15.0,20,750.0,20.0,1500.0,1500,1500.0,1.0,40.0,0.25
1467,29040.0,-0.111530304,Vp,15.0,20,750.0,20.0,1500.0,1500,1500.0,1.0,40.0,0.25
1468,29050.0,-0.27439117,Vp,15.0,20,750.0,20.0,1500.0,1500,1500.0,1.0,40.0,0.25
1469,29060.0,-0.22978973,Vp,15.0,20,750.0,20.0,1500.0,1500,1500.0,1.0,40.0,0.25
1470,29070.0,-0.34347153,Vp,15.0,20,750.0,20.0,1500.0,1500,1500.0,1.0,40.0,0.25
1471,29080.0,-0.39593887,Vp,15.0,20,750.0,20.0,1500.0,1500,1500.0,1.0,40.0,0.25
1472,29090.0,-0.2549286,Vp,15.0,20,750.0,20.0,1500.0,1500,1500.0,1.0,40.0,0.25
1473,29100.0,-0.1435852,Vp,15.0,20,750.0,20.0,1500.0,1500,1500.0,1.0,40.0,0.25
1474,29110.0,-0.26711655,Vp,15.0,20,750.0,20.0,1500.0,1500,1500.0,1.0,40.0,0.25
1475,29120.0,-0.2731018,Vp,15.0,20,750.0,20.0,1500.0,1500,1500.0,1.0,40.0,0.25
1476,29130.0,-0.4017868,Vp,15.0,20,750.0,20.0,1500.0,1500,1500.0,1.0,40.0,0.25
1477,29140.0,-0.39250946,Vp,15.0,20,750.0,20.0,1500.0,1500,1500.0,1.0,40.0,0.25
1478,29150.0,-0.11761093,Vp,15.0,20,750.0,20.0,1500.0,1500,1500.0,1.0,40.0,0.25
1479,29160.0,-0.08402634,Vp,15.0,20,750.0,20.0,1500.0,1500,1500.0,1.0,40.0,0.25
1480,29170.0,-0.2938919,Vp,15.0,20,750.0,20.0,1500.0,1500,1500.0,1.0,40.0,0.25
1481,29180.0,-0.24032593,Vp,15.0,20,750.0,20.0,1500.0,1500,1500.0,1.0,40.0,0.25
1482,29190.0,-0.29837418,Vp,15.0,20,750.0,20.0,1500.0,1500,1500.0,1.0,40.0,0.25
1483,29200.0,-0.28570557,Vp,15.0,20,750.0,20.0,1500.0,1500,1500.0,1.0,40.0,0.25
1484,29210.0,-0.2536888,Vp,15.0,20,750.0,20.0,1500.0,1500,1500.0,1.0,40.0,0.25
1485,29220.0,-0.4159584,Vp,15.0,20,750.0,20.0,1500.0,1500,1500.0,1.0,40.0,0.25
1486,29230.0,-0.29371262,Vp,15.0,20,750.0,20.0,1500.0,1500,1500.0,1.0,40.0,0.25
1487,29240.0,-0.02268219,Vp,15.0,20,750.0,20.0,1500.0,1500,1500.0,1.0,40.0,0.25
1488,29250.0,-0.24253845,Vp,15.0,20,750.0,20.0,1500.0,1500,1500.0,1.0,40.0,0.25
1489,29260.0,-0.32624054,Vp,15.0,20,750.0,20.0,1500.0,1500,1500.0,1.0,40.0,0.25
1490,29270.0,-0.26519394,Vp,15.0,20,750.0,20.0,1500.0,1500,1500.0,1.0,40.0,0.25
1491,29280.0,-0.05147171,Vp,15.0,20,750.0,20.0,1500.0,1500,1500.0,1.0,40.0,0.25
1492,29290.0,-0.020877838,Vp,15.0,20,750.0,20.0,1500.0,1500,1500.0,1.0,40.0,0.25
1493,29300.0,-0.3050537,Vp,15.0,20,750.0,20.0,1500.0,1500,1500.0,1.0,40.0,0.25
1494,29310.0,-0.18943787,Vp,15.0,20,750.0,20.0,1500.0,1500,1500.0,1.0,40.0,0.25
1495,29320.0,-0.21585083,Vp,15.0,20,750.0,20.0,1500.0,1500,1500.0,1.0,40.0,0.25
1496,29330.0,-0.022743225,Vp,15.0,20,750.0,20.0,1500.0,1500,1500.0,1.0,40.0,0.25
1497,29340.0,-0.04359436,Vp,15.0,20,750.0,20.0,1500.0,1500,1500.0,1.0,40.0,0.25
1498,29350.0,-0.19721222,Vp,15.0,20,750.0,20.0,1500.0,1500,1500.0,1.0,40.0,0.25
1499,29360.0,-0.50587463,Vp,15.0,20,750.0,20.0,1500.0,1500,1500.0,1.0,40.0,0.25
1500,29370.0,-0.328434,Vp,15.0,20,750.0,20.0,1500.0,1500,1500.0,1.0,40.0,0.25
1501,29380.0,-0.07619858,Vp,15.0,20,750.0,20.0,1500.0,1500,1500.0,1.0,40.0,0.25
1502,29390.0,-0.30677795,Vp,15.0,20,750.0,20.0,1500.0,1500,1500.0,1.0,40.0,0.25
1503,29400.0,-0.2572174,Vp,15.0,20,750.0,20.0,1500.0,1500,1500.0,1.0,40.0,0.25
1504,29410.0,0.009227753,Vp,15.0,20,750.0,20.0,1500.0,1500,1500.0,1.0,40.0,0.25
1505,29420.0,-0.18122864,Vp,15.0,20,750.0,20.0,1500.0,1500,1500.0,1.0,40.0,0.25
1506,29430.0,-0.21493149,Vp,15.0,20,750.0,20.0,1500.0,1500,1500.0,1.0,40.0,0.25
1507,29440.0,-0.30566788,Vp,15.0,20,750.0,20.0,1500.0,1500,1500.0,1.0,40.0,0.25
1508,29450.0,-0.2679596,Vp,15.0,20,750.0,20.0,1500.0,1500,1500.0,1.0,40.0,0.25
1509,29460.0,-0.24629593,Vp,15.0,20,750.0,20.0,1500.0,1500,1500.0,1.0,40.0,0.25
1510,29470.0,-0.18790436,Vp,15.0,20,750.0,20.0,1500.0,1500,1500.0,1.0,40.0,0.25
1511,29480.0,-0.11384201,Vp,15.0,20,750.0,20.0,1500.0,1500,1500.0,1.0,40.0,0.25
1512,29490.0,-0.4488678,Vp,15.0,20,750.0,20.0,1500.0,1500,1500.0,1.0,40.0,0.25
1513,29500.0,-0.30060196,Vp,15.0,20,750.0,20.0,1500.0,1500,1500.0,1.0,40.0,0.25
1514,29510.0,-0.019004822,Vp,15.0,20,750.0,20.0,1500.0,1500,1500.0,1.0,40.0,0.25
1515,29520.0,-0.116371155,Vp,15.0,20,750.0,20.0,1500.0,1500,1500.0,1.0,40.0,0.25
1516,29530.0,-0.44527435,Vp,15.0,20,750.0,20.0,1500.0,1500,1500.0,1.0,40.0,0.25
1517,29540.0,-0.27524948,Vp,15.0,20,750.0,20.0,1500.0,1500,1500.0,1.0,40.0,0.25
1518,29550.0,-0.035003662,Vp,15.0,20,750.0,20.0,1500.0,1500,1500.0,1.0,40.0,0.25
1519,29560.0,-0.32429504,Vp,15.0,20,750.0,20.0,1500.0,1500,1500.0,1.0,40.0,0.25
1520,29570.0,-0.52222824,Vp,15.0,20,750.0,20.0,1500.0,1500,1500.0,1.0,40.0,0.25
1521,29580.0,-0.4253502,Vp,15.0,20,750.0,20.0,1500.0,1500,1500.0,1.0,40.0,0.25
1522,29590.0,0.01890564,Vp,15.0,20,750.0,20.0,1500.0,1500,1500.0,1.0,40.0,0.25
1523,29600.0,-0.15860748,Vp,15.0,20,750.0,20.0,1500.0,1500,1500.0,1.0,40.0,0.25
1524,29610.0,-0.6164665,Vp,15.0,20,750.0,20.0,1500.0,1500,1500.0,1.0,40.0,0.25
1525,29620.0,-0.3929863,Vp,15.0,20,750.0,20.0,1500.0,1500,1500.0,1.0,40.0,0.25
1526,29630.0,0.060375214,Vp,15.0,20,750.0,20.0,1500.0,1500,1500.0,1.0,40.0,0.25
1527,29640.0,-0.031604767,Vp,15.0,20,750.0,20.0,1500.0,1500,1500.0,1.0,40.0,0.25
1528,29650.0,-0.53147507,Vp,15.0,20,750.0,20.0,1500.0,1500,1500.0,1.0,40.0,0.25
1529,29660.0,-0.25771713,Vp,15.0,20,750.0,20.0,1500.0,1500,1500.0,1.0,40.0,0.25
1530,29670.0,-0.10315323,Vp,15.0,20,750.0,20.0,1500.0,1500,1500.0,1.0,40.0,0.25
1531,29680.0,-0.19852829,Vp,15.0,20,750.0,20.0,1500.0,1500,1500.0,1.0,40.0,0.25
1532,29690.0,-0.25335312,Vp,15.0,20,750.0,20.0,1500.0,1500,1500.0,1.0,40.0,0.25
1533,29700.0,-0.30749512,Vp,15.0,20,750.0,20.0,1500.0,1500,1500.0,1.0,40.0,0.25
1534,29710.0,-0.20895004,Vp,15.0,20,750.0,20.0,1500.0,1500,1500.0,1.0,40.0,0.25
1535,29720.0,-0.41328812,Vp,15.0,20,750.0,20.0,1500.0,1500,1500.0,1.0,40.0,0.25
1536,29730.0,-0.5582619,Vp,15.0,20,750.0,20.0,1500.0,1500,1500.0,1.0,40.0,0.25
1537,29740.0,-0.12529373,Vp,15.0,20,750.0,20.0,1500.0,1500,1500.0,1.0,40.0,0.25
1538,29750.0,-0.44254303,Vp,15.0,20,750.0,20.0,1500.0,1500,1500.0,1.0,40.0,0.25
1539,29760.0,-0.31537628,Vp,15.0,20,750.0,20.0,1500.0,1500,1500.0,1.0,40.0,0.25
1540,29770.0,-0.27773666,Vp,15.0,20,750.0,20.0,1500.0,1500,1500.0,1.0,40.0,0.25
1541,29780.0,-0.49053192,Vp,15.0,20,750.0,20.0,1500.0,1500,1500.0,1.0,40.0,0.25
1542,29790.0,-0.1904068,Vp,15.0,20,750.0,20.0,1500.0,1500,1500.0,1.0,40.0,0.25
1543,29800.0,-0.2198143,Vp,15.0,20,750.0,20.0,1500.0,1500,1500.0,1.0,40.0,0.25
1544,29810.0,-0.265728,Vp,15.0,20,750.0,20.0,1500.0,1500,1500.0,1.0,40.0,0.25
1545,29820.0,-0.44857025,Vp,15.0,20,750.0,20.0,1500.0,1500,1500.0,1.0,40.0,0.25
1546,29830.0,-0.44588852,Vp,15.0,20,750.0,20.0,1500.0,1500,1500.0,1.0,40.0,0.25
1547,29840.0,-0.16978073,Vp,15.0,20,750.0,20.0,1500.0,1500,1500.0,1.0,40.0,0.25
1548,29850.0,-0.32416153,Vp,15.0,20,750.0,20.0,1500.0,1500,1500.0,1.0,40.0,0.25
1549,29860.0,-0.53185654,Vp,15.0,20,750.0,20.0,1500.0,1500,1500.0,1.0,40.0,0.25
1550,29870.0,-0.3419342,Vp,15.0,20,750.0,20.0,1500.0,1500,1500.0,1.0,40.0,0.25
1551,29880.0,0.0051078796,Vp,15.0,20,750.0,20.0,1500.0,1500,1500.0,1.0,40.0,0.25
1552,29890.0,-0.30973053,Vp,15.0,20,750.0,20.0,1500.0,1500,1500.0,1.0,40.0,0.25
1553,29900.0,-0.31121445,Vp,15.0,20,750.0,20.0,1500.0,1500,1500.0,1.0,40.0,0.25
1554,29910.0,0.010387421,Vp,15.0,20,750.0,20.0,1500.0,1500,1500.0,1.0,40.0,0.25
1555,29920.0,-0.21113205,Vp,15.0,20,750.0,20.0,1500.0,1500,1500.0,1.0,40.0,0.25
1556,29930.0,-0.4354477,Vp,15.0,20,750.0,20.0,1500.0,1500,1500.0,1.0,40.0,0.25
1557,29940.0,-0.32128906,Vp,15.0,20,750.0,20.0,1500.0,1500,1500.0,1.0,40.0,0.25
1558,29950.0,-0.36635208,Vp,15.0,20,750.0,20.0,1500.0,1500,1500.0,1.0,40.0,0.25
1559,29960.0,-0.59119034,Vp,15.0,20,750.0,20.0,1500.0,1500,1500.0,1.0,40.0,0.25
1560,29970.0,-0.35942078,Vp,15.0,20,750.0,20.0,1500.0,1500,1500.0,1.0,40.0,0.25
1561,29980.0,-0.30008316,Vp,15.0,20,750.0,20.0,1500.0,1500,1500.0,1.0,40.0,0.25
1562,29990.0,-0.34732437,Vp,15.0,20,750.0,20.0,1500.0,1500,1500.0,1.0,40.0,0.25
1563,30000.0,-0.40802002,Vp,15.0,20,750.0,20.0,1500.0,1500,1500.0,1.0,40.0,0.25
1564,30010.0,-0.38942337,Vp,15.0,20,750.0,20.0,1500.0,1500,1500.0,1.0,40.0,0.25
1565,30020.0,-0.36397934,Vp,15.0,20,750.0,20.0,1500.0,1500,1500.0,1.0,40.0,0.25
1566,30030.0,-0.45265198,Vp,15.0,20,750.0,20.0,1500.0,1500,1500.0,1.0,40.0,0.25
1567,30040.0,-0.59415436,Vp,15.0,20,750.0,20.0,1500.0,1500,1500.0,1.0,40.0,0.25
1568,30050.0,-0.23503494,Vp,15.0,20,750.0,20.0,1500.0,1500,1500.0,1.0,40.0,0.25
1569,30060.0,-0.35442352,Vp,15.0,20,750.0,20.0,1500.0,1500,1500.0,1.0,40.0,0.25
1570,30070.0,-0.30936432,Vp,15.0,20,750.0,20.0,1500.0,1500,1500.0,1.0,40.0,0.25
1571,30080.0,-0.1038208,Vp,15.0,20,750.0,20.0,1500.0,1500,1500.0,1.0,40.0,0.25
1572,30090.0,-0.46717834,Vp,15.0,20,750.0,20.0,1500.0,1500,1500.0,1.0,40.0,0.25
1573,30100.0,-0.26616287,Vp,15.0,20,750.0,20.0,1500.0,1500,1500.0,1.0,40.0,0.25
1574,30110.0,-0.19841385,Vp,15.0,20,750.0,20.0,1500.0,1500,1500.0,1.0,40.0,0.25
1575,30120.0,-0.4832039,Vp,15.0,20,750.0,20.0,1500.0,1500,1500.0,1.0,40.0,0.25
1576,30130.0,-0.45918655,Vp,15.0,20,750.0,20.0,1500.0,1500,1500.0,1.0,40.0,0.25
1577,30140.0,-0.42925644,Vp,15.0,20,750.0,20.0,1500.0,1500,1500.0,1.0,40.0,0.25
1578,30150.0,-0.16279602,Vp,15.0,20,750.0,20.0,1500.0,1500,1500.0,1.0,40.0,0.25
1579,30160.0,-0.14523315,Vp,15.0,20,750.0,20.0,1500.0,1500,1500.0,1.0,40.0,0.25
1580,30170.0,-0.5108299,Vp,15.0,20,750.0,20.0,1500.0,1500,1500.0,1.0,40.0,0.25
1581,30180.0,-0.46374512,Vp,15.0,20,750.0,20.0,1500.0,1500,1500.0,1.0,40.0,0.25
1582,32500.0,-0.62475204,Vp,15.0,20,750.0,20.0,1500.0,1500,1500.0,1.0,40.0,0.25
1583,32510.0,-0.33039856,Vp,15.0,20,750.0,20.0,1500.0,1500,1500.0,1.0,40.0,0.25
1584,32520.0,-0.46238708,Vp,15.0,20,750.0,20.0,1500.0,1500,1500.0,1.0,40.0,0.25
1585,32530.0,-0.5202217,Vp,15.0,20,750.0,20.0,1500.0,1500,1500.0,1.0,40.0,0.25
1586,32540.0,-0.5506058,Vp,15.0,20,750.0,20.0,1500.0,1500,1500.0,1.0,40.0,0.25
1587,32550.0,-0.65650177,Vp,15.0,20,750.0,20.0,1500.0,1500,1500.0,1.0,40.0,0.25
1588,32560.0,-0.36483765,Vp,15.0,20,750.0,20.0,1500.0,1500,1500.0,1.0,40.0,0.25
1589,32570.0,-0.37828064,Vp,15.0,20,750.0,20.0,1500.0,1500,1500.0,1.0,40.0,0.25
1590,32580.0,-0.5124283,Vp,15.0,20,750.0,20.0,1500.0,1500,1500.0,1.0,40.0,0.25
1591,32590.0,-0.5809021,Vp,15.0,20,750.0,20.0,1500.0,1500,1500.0,1.0,40.0,0.25
1592,32600.0,-0.38077545,Vp,15.0,20,750.0,20.0,1500.0,1500,1500.0,1.0,40.0,0.25
1593,32610.0,-0.18404388,Vp,15.0,20,750.0,20.0,1500.0,1500,1500.0,1.0,40.0,0.25
1594,32620.0,-0.30121994,Vp,15.0,20,750.0,20.0,1500.0,1500,1500.0,1.0,40.0,0.25
1595,32630.0,-0.3532257,Vp,15.0,20,750.0,20.0,1500.0,1500,1500.0,1.0,40.0,0.25
1596,32640.0,-0.3872795,Vp,15.0,20,750.0,20.0,1500.0,1500,1500.0,1.0,40.0,0.25
1597,32650.0,-0.5401497,Vp,15.0,20,750.0,20.0,1500.0,1500,1500.0,1.0,40.0,0.25
1598,32660.0,-0.33937454,Vp,15.0,20,750.0,20.0,1500.0,1500,1500.0,1.0,40.0,0.25
1599,32670.0,-0.45563507,Vp,15.0,20,750.0,20.0,1500.0,1500,1500.0,1.0,40.0,0.25
1600,32680.0,-0.3997841,Vp,15.0,20,750.0,20.0,1500.0,1500,1500.0,1.0,40.0,0.25
1601,32690.0,-0.15068817,Vp,15.0,20,750.0,20.0,1500.0,1500,1500.0,1.0,40.0,0.25
1602,32700.0,-0.4658928,Vp,15.0,20,750.0,20.0,1500.0,1500,1500.0,1.0,40.0,0.25
1603,32710.0,-0.5587654,Vp,15.0,20,750.0,20.0,1500.0,1500,1500.0,1.0,40.0,0.25
1604,32720.0,-0.11685562,Vp,15.0,20,750.0,20.0,1500.0,1500,1500.0,1.0,40.0,0.25
1605,32730.0,-0.17596817,Vp,15.0,20,750.0,20.0,1500.0,1500,1500.0,1.0,40.0,0.25
1606,32740.0,-0.55244064,Vp,15.0,20,750.0,20.0,1500.0,1500,1500.0,1.0,40.0,0.25
1607,32750.0,-0.35012436,Vp,15.0,20,750.0,20.0,1500.0,1500,1500.0,1.0,40.0,0.25
1608,32760.0,-0.40238953,Vp,15.0,20,750.0,20.0,1500.0,1500,1500.0,1.0,40.0,0.25
1609,32770.0,-0.5167961,Vp,15.0,20,750.0,20.0,1500.0,1500,1500.0,1.0,40.0,0.25
1610,32780.0,-0.25193024,Vp,15.0,20,750.0,20.0,1500.0,1500,1500.0,1.0,40.0,0.25
1611,32790.0,-0.15371323,Vp,15.0,20,750.0,20.0,1500.0,1500,1500.0,1.0,40.0,0.25
1612,32800.0,-0.48168945,Vp,15.0,20,750.0,20.0,1500.0,1500,1500.0,1.0,40.0,0.25
1613,32810.0,-0.44023514,Vp,15.0,20,750.0,20.0,1500.0,1500,1500.0,1.0,40.0,0.25
1614,32820.0,-0.30101776,Vp,15.0,20,750.0,20.0,1500.0,1500,1500.0,1.0,40.0,0.25
1615,32830.0,-0.36452866,Vp,15.0,20,750.0,20.0,1500.0,1500,1500.0,1.0,40.0,0.25
1616,32840.0,-0.49276352,Vp,15.0,20,750.0,20.0,1500.0,1500,1500.0,1.0,40.0,0.25
1617,32850.0,-0.4928131,Vp,15.0,20,750.0,20.0,1500.0,1500,1500.0,1.0,40.0,0.25
1618,32860.0,-0.23488235,Vp,15.0,20,750.0,20.0,1500.0,1500,1500.0,1.0,40.0,0.25
1619,32870.0,-0.3591156,Vp,15.0,20,750.0,20.0,1500.0,1500,1500.0,1.0,40.0,0.25
1620,32880.0,-0.47097015,Vp,15.0,20,750.0,20.0,1500.0,1500,1500.0,1.0,40.0,0.25
1621,32890.0,-0.28464127,Vp,15.0,20,750.0,20.0,1500.0,1500,1500.0,1.0,40.0,0.25
1622,32900.0,-0.54291916,Vp,15.0,20,750.0,20.0,1500.0,1500,1500.0,1.0,40.0,0.25
1623,32910.0,-0.6863022,Vp,15.0,20,750.0,20.0,1500.0,1500,1500.0,1.0,40.0,0.25
1624,32920.0,-0.3271103,Vp,15.0,20,750.0,20.0,1500.0,1500,1500.0,1.0,40.0,0.25
1625,32930.0,-0.13990021,Vp,15.0,20,750.0,20.0,1500.0,1500,1500.0,1.0,40.0,0.25
1626,32940.0,-0.36829376,Vp,15.0,20,750.0,20.0,1500.0,1500,1500.0,1.0,40.0,0.25
1627,32950.0,-0.63763046,Vp,15.0,20,750.0,20.0,1500.0,1500,1500.0,1.0,40.0,0.25
1628,32960.0,-0.42027283,Vp,15.0,20,750.0,20.0,1500.0,1500,1500.0,1.0,40.0,0.25
1629,32970.0,-0.19798279,Vp,15.0,20,750.0,20.0,1500.0,1500,1500.0,1.0,40.0,0.25
1630,32980.0,-0.36261368,Vp,15.0,20,750.0,20.0,1500.0,1500,1500.0,1.0,40.0,0.25
1631,32990.0,-0.5540886,Vp,15.0,20,750.0,20.0,1500.0,1500,1500.0,1.0,40.0,0.25
1632,33000.0,-0.4796486,Vp,15.0,20,750.0,20.0,1500.0,1500,1500.0,1.0,40.0,0.25
1633,33010.0,-0.43353653,Vp,15.0,20,750.0,20.0,1500.0,1500,1500.0,1.0,40.0,0.25
1634,33020.0,-0.2895279,Vp,15.0,20,750.0,20.0,1500.0,1500,1500.0,1.0,40.0,0.25
1635,33030.0,-0.41261292,Vp,15.0,20,750.0,20.0,1500.0,1500,1500.0,1.0,40.0,0.25
1636,33040.0,-0.2523842,Vp,15.0,20,750.0,20.0,1500.0,1500,1500.0,1.0,40.0,0.25
1637,33050.0,-0.59828186,Vp,15.0,20,750.0,20.0,1500.0,1500,1500.0,1.0,40.0,0.25
1638,33060.0,-0.2835579,Vp,15.0,20,750.0,20.0,1500.0,1500,1500.0,1.0,40.0,0.25
1639,33070.0,-0.23945236,Vp,15.0,20,750.0,20.0,1500.0,1500,1500.0,1.0,40.0,0.25
1640,33080.0,-0.5326805,Vp,15.0,20,750.0,20.0,1500.0,1500,1500.0,1.0,40.0,0.25
1641,33090.0,-0.11665726,Vp,15.0,20,750.0,20.0,1500.0,1500,1500.0,1.0,40.0,0.25
1642,33100.0,-0.3739853,Vp,15.0,20,750.0,20.0,1500.0,1500,1500.0,1.0,40.0,0.25
1643,33110.0,-0.57084656,Vp,15.0,20,750.0,20.0,1500.0,1500,1500.0,1.0,40.0,0.25
1644,33120.0,-0.40894318,Vp,15.0,20,750.0,20.0,1500.0,1500,1500.0,1.0,40.0,0.25
1645,33130.0,-0.12448883,Vp,15.0,20,750.0,20.0,1500.0,1500,1500.0,1.0,40.0,0.25
1646,33140.0,-0.3758278,Vp,15.0,20,750.0,20.0,1500.0,1500,1500.0,1.0,40.0,0.25
1647,33150.0,-0.3960991,Vp,15.0,20,750.0,20.0,1500.0,1500,1500.0,1.0,40.0,0.25
1648,33160.0,-0.3675499,Vp,15.0,20,750.0,20.0,1500.0,1500,1500.0,1.0,40.0,0.25
1649,33170.0,-0.45386887,Vp,15.0,20,750.0,20.0,1500.0,1500,1500.0,1.0,40.0,0.25
1650,33180.0,-0.35386276,Vp,15.0,20,750.0,20.0,1500.0,1500,1500.0,1.0,40.0,0.25
1651,33190.0,-0.34846878,Vp,15.0,20,750.0,20.0,1500.0,1500,1500.0,1.0,40.0,0.25
1652,33200.0,-0.49409103,Vp,15.0,20,750.0,20.0,1500.0,1500,1500.0,1.0,40.0,0.25
1653,33210.0,-0.045886993,Vp,15.0,20,750.0,20.0,1500.0,1500,1500.0,1.0,40.0,0.25
1654,33220.0,-0.22267532,Vp,15.0,20,750.0,20.0,1500.0,1500,1500.0,1.0,40.0,0.25
1655,33230.0,-0.5638046,Vp,15.0,20,750.0,20.0,1500.0,1500,1500.0,1.0,40.0,0.25
1656,33240.0,-0.7379761,Vp,15.0,20,750.0,20.0,1500.0,1500,1500.0,1.0,40.0,0.25
1657,33250.0,0.39391327,Vp,15.0,20,750.0,20.0,1500.0,1500,1500.0,1.0,40.0,0.25
1658,33260.0,5.031349,Vp,15.0,20,750.0,20.0,1500.0,1500,1500.0,1.0,40.0,0.25
1659,33270.0,6.627182,Vp,15.0,20,750.0,20.0,1500.0,1500,1500.0,1.0,40.0,0.25
1660,33280.0,5.702347,Vp,15.0,20,750.0,20.0,1500.0,1500,1500.0,1.0,40.0,0.25
1661,33290.0,4.469864,Vp,15.0,20,750.0,20.0,1500.0,1500,1500.0,1.0,40.0,0.25
1662,33300.0,3.506237,Vp,15.0,20,750.0,20.0,1500.0,1500,1500.0,1.0,40.0,0.25
1663,33310.0,2.835598,Vp,15.0,20,750.0,20.0,1500.0,1500,1500.0,1.0,40.0,0.25
1664,33320.0,2.418579,Vp,15.0,20,750.0,20.0,1500.0,1500,1500.0,1.0,40.0,0.25
1665,33330.0,2.1341858,Vp,15.0,20,750.0,20.0,1500.0,1500,1500.0,1.0,40.0,0.25
1666,33340.0,1.9434013,Vp,15.0,20,750.0,20.0,1500.0,1500,1500.0,1.0,40.0,0.25
1667,33350.0,1.8075829,Vp,15.0,20,750.0,20.0,1500.0,1500,1500.0,1.0,40.0,0.25
1668,33360.0,1.7295723,Vp,15.0,20,750.0,20.0,1500.0,1500,1500.0,1.0,40.0,0.25
1669,33370.0,1.6663017,Vp,15.0,20,750.0,20.0,1500.0,1500,1500.0,1.0,40.0,0.25
1670,33380.0,1.6067047,Vp,15.0,20,750.0,20.0,1500.0,1500,1500.0,1.0,40.0,0.25
1671,33390.0,1.5525513,Vp,15.0,20,750.0,20.0,1500.0,1500,1500.0,1.0,40.0,0.25
1672,33400.0,1.5201263,Vp,15.0,20,750.0,20.0,1500.0,1500,1500.0,1.0,40.0,0.25
1673,33410.0,1.4908218,Vp,15.0,20,750.0,20.0,1500.0,1500,1500.0,1.0,40.0,0.25
1674,33420.0,1.4479294,Vp,15.0,20,750.0,20.0,1500.0,1500,1500.0,1.0,40.0,0.25
1675,33430.0,1.4198532,Vp,15.0,20,750.0,20.0,1500.0,1500,1500.0,1.0,40.0,0.25
1676,33440.0,1.355423,Vp,15.0,20,750.0,20.0,1500.0,1500,1500.0,1.0,40.0,0.25
1677,33450.0,1.3356972,Vp,15.0,20,750.0,20.0,1500.0,1500,1500.0,1.0,40.0,0.25
1678,33460.0,1.2700615,Vp,15.0,20,750.0,20.0,1500.0,1500,1500.0,1.0,40.0,0.25
1679,33470.0,1.1996574,Vp,15.0,20,750.0,20.0,1500.0,1500,1500.0,1.0,40.0,0.25
1680,33480.0,1.1706543,Vp,15.0,20,750.0,20.0,1500.0,1500,1500.0,1.0,40.0,0.25
1681,33490.0,1.1041641,Vp,15.0,20,750.0,20.0,1500.0,1500,1500.0,1.0,40.0,0.25
1682,33500.0,1.041378,Vp,15.0,20,750.0,20.0,1500.0,1500,1500.0,1.0,40.0,0.25
1683,33510.0,0.9798088,Vp,15.0,20,750.0,20.0,1500.0,1500,1500.0,1.0,40.0,0.25
1684,33520.0,0.91383743,Vp,15.0,20,750.0,20.0,1500.0,1500,1500.0,1.0,40.0,0.25
1685,33530.0,0.7972908,Vp,15.0,20,750.0,20.0,1500.0,1500,1500.0,1.0,40.0,0.25
1686,33540.0,0.64899445,Vp,15.0,20,750.0,20.0,1500.0,1500,1500.0,1.0,40.0,0.25
1687,33550.0,0.51379013,Vp,15.0,20,750.0,20.0,1500.0,1500,1500.0,1.0,40.0,0.25
1688,33560.0,0.502964,Vp,15.0,20,750.0,20.0,1500.0,1500,1500.0,1.0,40.0,0.25
1689,33570.0,0.35669327,Vp,15.0,20,750.0,20.0,1500.0,1500,1500.0,1.0,40.0,0.25
1690,33580.0,0.20822906,Vp,15.0,20,750.0,20.0,1500.0,1500,1500.0,1.0,40.0,0.25
1691,33590.0,0.091041565,Vp,15.0,20,750.0,20.0,1500.0,1500,1500.0,1.0,40.0,0.25
1692,33600.0,-0.015193939,Vp,15.0,20,750.0,20.0,1500.0,1500,1500.0,1.0,40.0,0.25
1693,33610.0,-0.097393036,Vp,15.0,20,750.0,20.0,1500.0,1500,1500.0,1.0,40.0,0.25
1694,33620.0,-0.20980835,Vp,15.0,20,750.0,20.0,1500.0,1500,1500.0,1.0,40.0,0.25
1695,33630.0,-0.04458618,Vp,15.0,20,750.0,20.0,1500.0,1500,1500.0,1.0,40.0,0.25
1696,33640.0,-0.02602005,Vp,15.0,20,750.0,20.0,1500.0,1500,1500.0,1.0,40.0,0.25
1697,33650.0,-0.14362717,Vp,15.0,20,750.0,20.0,1500.0,1500,1500.0,1.0,40.0,0.25
1698,33660.0,-0.21992874,Vp,15.0,20,750.0,20.0,1500.0,1500,1500.0,1.0,40.0,0.25
1699,33670.0,-0.292202,Vp,15.0,20,750.0,20.0,1500.0,1500,1500.0,1.0,40.0,0.25
1700,33680.0,-0.3836708,Vp,15.0,20,750.0,20.0,1500.0,1500,1500.0,1.0,40.0,0.25
1701,33690.0,-0.3106041,Vp,15.0,20,750.0,20.0,1500.0,1500,1500.0,1.0,40.0,0.25
1702,33700.0,-0.2339592,Vp,15.0,20,750.0,20.0,1500.0,1500,1500.0,1.0,40.0,0.25
1703,33710.0,-0.34311295,Vp,15.0,20,750.0,20.0,1500.0,1500,1500.0,1.0,40.0,0.25
1704,33720.0,-0.4341011,Vp,15.0,20,750.0,20.0,1500.0,1500,1500.0,1.0,40.0,0.25
1705,33730.0,-0.29064178,Vp,15.0,20,750.0,20.0,1500.0,1500,1500.0,1.0,40.0,0.25
1706,33740.0,-0.346241,Vp,15.0,20,750.0,20.0,1500.0,1500,1500.0,1.0,40.0,0.25
1707,33750.0,-0.15903854,Vp,15.0,20,750.0,20.0,1500.0,1500,1500.0,1.0,40.0,0.25
1708,33760.0,-0.14181519,Vp,15.0,20,750.0,20.0,1500.0,1500,1500.0,1.0,40.0,0.25
1709,33770.0,-0.4889946,Vp,15.0,20,750.0,20.0,1500.0,1500,1500.0,1.0,40.0,0.25
1710,33780.0,-0.29176712,Vp,15.0,20,750.0,20.0,1500.0,1500,1500.0,1.0,40.0,0.25
1711,33790.0,-0.10849762,Vp,15.0,20,750.0,20.0,1500.0,1500,1500.0,1.0,40.0,0.25
1712,33800.0,-0.17729568,Vp,15.0,20,750.0,20.0,1500.0,1500,1500.0,1.0,40.0,0.25
1713,33810.0,-0.1756897,Vp,15.0,20,750.0,20.0,1500.0,1500,1500.0,1.0,40.0,0.25
1714,33820.0,-0.39649963,Vp,15.0,20,750.0,20.0,1500.0,1500,1500.0,1.0,40.0,0.25
1715,33830.0,-0.3353958,Vp,15.0,20,750.0,20.0,1500.0,1500,1500.0,1.0,40.0,0.25
1716,33840.0,-0.10534668,Vp,15.0,20,750.0,20.0,1500.0,1500,1500.0,1.0,40.0,0.25
1717,33850.0,-0.24751663,Vp,15.0,20,750.0,20.0,1500.0,1500,1500.0,1.0,40.0,0.25
1718,33860.0,-0.3944931,Vp,15.0,20,750.0,20.0,1500.0,1500,1500.0,1.0,40.0,0.25
1719,33870.0,-0.43707275,Vp,15.0,20,750.0,20.0,1500.0,1500,1500.0,1.0,40.0,0.25
1720,33880.0,0.013835907,Vp,15.0,20,750.0,20.0,1500.0,1500,1500.0,1.0,40.0,0.25
1721,33890.0,-0.028766632,Vp,15.0,20,750.0,20.0,1500.0,1500,1500.0,1.0,40.0,0.25
1722,33900.0,-0.37280273,Vp,15.0,20,750.0,20.0,1500.0,1500,1500.0,1.0,40.0,0.25
1723,33910.0,-0.37003708,Vp,15.0,20,750.0,20.0,1500.0,1500,1500.0,1.0,40.0,0.25
1724,33920.0,-0.32672882,Vp,15.0,20,750.0,20.0,1500.0,1500,1500.0,1.0,40.0,0.25
1725,33930.0,-0.21816635,Vp,15.0,20,750.0,20.0,1500.0,1500,1500.0,1.0,40.0,0.25
1726,33940.0,-0.121852875,Vp,15.0,20,750.0,20.0,1500.0,1500,1500.0,1.0,40.0,0.25
1727,33950.0,-0.1871109,Vp,15.0,20,750.0,20.0,1500.0,1500,1500.0,1.0,40.0,0.25
1728,33960.0,-0.2884636,Vp,15.0,20,750.0,20.0,1500.0,1500,1500.0,1.0,40.0,0.25
1729,33970.0,-0.20553207,Vp,15.0,20,750.0,20.0,1500.0,1500,1500.0,1.0,40.0,0.25
1730,33980.0,-0.35838318,Vp,15.0,20,750.0,20.0,1500.0,1500,1500.0,1.0,40.0,0.25
1731,33990.0,-0.223423,Vp,15.0,20,750.0,20.0,1500.0,1500,1500.0,1.0,40.0,0.25
1732,34000.0,-0.2861061,Vp,15.0,20,750.0,20.0,1500.0,1500,1500.0,1.0,40.0,0.25
1733,34010.0,-0.18932724,Vp,15.0,20,750.0,20.0,1500.0,1500,1500.0,1.0,40.0,0.25
1734,34020.0,-0.38295746,Vp,15.0,20,750.0,20.0,1500.0,1500,1500.0,1.0,40.0,0.25
1735,34030.0,-0.02223587,Vp,15.0,20,750.0,20.0,1500.0,1500,1500.0,1.0,40.0,0.25
1736,34040.0,-0.10146332,Vp,15.0,20,750.0,20.0,1500.0,1500,1500.0,1.0,40.0,0.25
1737,34050.0,-0.41954803,Vp,15.0,20,750.0,20.0,1500.0,1500,1500.0,1.0,40.0,0.25
1738,34060.0,-0.18160248,Vp,15.0,20,750.0,20.0,1500.0,1500,1500.0,1.0,40.0,0.25
1739,34070.0,-0.26886368,Vp,15.0,20,750.0,20.0,1500.0,1500,1500.0,1.0,40.0,0.25
1740,34080.0,-0.40272522,Vp,15.0,20,750.0,20.0,1500.0,1500,1500.0,1.0,40.0,0.25
1741,34090.0,-0.34934998,Vp,15.0,20,750.0,20.0,1500.0,1500,1500.0,1.0,40.0,0.25
1742,34100.0,0.02048111,Vp,15.0,20,750.0,20.0,1500.0,1500,1500.0,1.0,40.0,0.25
1743,34110.0,-0.42557526,Vp,15.0,20,750.0,20.0,1500.0,1500,1500.0,1.0,40.0,0.25
1744,34120.0,-0.18444824,Vp,15.0,20,750.0,20.0,1500.0,1500,1500.0,1.0,40.0,0.25
1745,34130.0,-0.022338867,Vp,15.0,20,750.0,20.0,1500.0,1500,1500.0,1.0,40.0,0.25
1746,34140.0,-0.37976456,Vp,15.0,20,750.0,20.0,1500.0,1500,1500.0,1.0,40.0,0.25
1747,34150.0,-0.48638535,Vp,15.0,20,750.0,20.0,1500.0,1500,1500.0,1.0,40.0,0.25
1748,34160.0,0.16706848,Vp,15.0,20,750.0,20.0,1500.0,1500,1500.0,1.0,40.0,0.25
1749,34170.0,0.09965134,Vp,15.0,20,750.0,20.0,1500.0,1500,1500.0,1.0,40.0,0.25
1750,34180.0,-0.2819252,Vp,15.0,20,750.0,20.0,1500.0,1500,1500.0,1.0,40.0,0.25
1751,34190.0,-0.45746613,Vp,15.0,20,750.0,20.0,1500.0,1500,1500.0,1.0,40.0,0.25
1752,34200.0,-0.18673325,Vp,15.0,20,750.0,20.0,1500.0,1500,1500.0,1.0,40.0,0.25
1753,34210.0,-0.2375145,Vp,15.0,20,750.0,20.0,1500.0,1500,1500.0,1.0,40.0,0.25
1754,34220.0,-0.61600494,Vp,15.0,20,750.0,20.0,1500.0,1500,1500.0,1.0,40.0,0.25
1755,34230.0,-0.034931183,Vp,15.0,20,750.0,20.0,1500.0,1500,1500.0,1.0,40.0,0.25
1756,34240.0,0.09750366,Vp,15.0,20,750.0,20.0,1500.0,1500,1500.0,1.0,40.0,0.25
1757,34250.0,-0.33773804,Vp,15.0,20,750.0,20.0,1500.0,1500,1500.0,1.0,40.0,0.25
1758,34260.0,-0.45972443,Vp,15.0,20,750.0,20.0,1500.0,1500,1500.0,1.0,40.0,0.25
1759,34270.0,-0.111763,Vp,15.0,20,750.0,20.0,1500.0,1500,1500.0,1.0,40.0,0.25
1760,34280.0,-0.33882904,Vp,15.0,20,750.0,20.0,1500.0,1500,1500.0,1.0,40.0,0.25
1761,34290.0,-0.55688477,Vp,15.0,20,750.0,20.0,1500.0,1500,1500.0,1.0,40.0,0.25
1762,34300.0,-0.021957397,Vp,15.0,20,750.0,20.0,1500.0,1500,1500.0,1.0,40.0,0.25
1763,34310.0,-0.12522507,Vp,15.0,20,750.0,20.0,1500.0,1500,1500.0,1.0,40.0,0.25
1764,34320.0,-0.39118958,Vp,15.0,20,750.0,20.0,1500.0,1500,1500.0,1.0,40.0,0.25
1765,34330.0,-0.48035812,Vp,15.0,20,750.0,20.0,1500.0,1500,1500.0,1.0,40.0,0.25
1766,34340.0,-0.20726013,Vp,15.0,20,750.0,20.0,1500.0,1500,1500.0,1.0,40.0,0.25
1767,34350.0,-0.35285187,Vp,15.0,20,750.0,20.0,1500.0,1500,1500.0,1.0,40.0,0.25
1768,34360.0,-0.3239441,Vp,15.0,20,750.0,20.0,1500.0,1500,1500.0,1.0,40.0,0.25
1769,34370.0,-0.35541153,Vp,15.0,20,750.0,20.0,1500.0,1500,1500.0,1.0,40.0,0.25
1770,34380.0,-0.45822906,Vp,15.0,20,750.0,20.0,1500.0,1500,1500.0,1.0,40.0,0.25
1771,34390.0,-0.18312454,Vp,15.0,20,750.0,20.0,1500.0,1500,1500.0,1.0,40.0,0.25
1772,34400.0,-0.08800125,Vp,15.0,20,750.0,20.0,1500.0,1500,1500.0,1.0,40.0,0.25
1773,34410.0,-0.038280487,Vp,15.0,20,750.0,20.0,1500.0,1500,1500.0,1.0,40.0,0.25
1774,34420.0,-0.2929306,Vp,15.0,20,750.0,20.0,1500.0,1500,1500.0,1.0,40.0,0.25
1775,34430.0,-0.44726562,Vp,15.0,20,750.0,20.0,1500.0,1500,1500.0,1.0,40.0,0.25
1776,34440.0,-0.44340897,Vp,15.0,20,750.0,20.0,1500.0,1500,1500.0,1.0,40.0,0.25
1777,34450.0,-0.11660385,Vp,15.0,20,750.0,20.0,1500.0,1500,1500.0,1.0,40.0,0.25
1778,34460.0,-0.32673264,Vp,15.0,20,750.0,20.0,1500.0,1500,1500.0,1.0,40.0,0.25
1779,34470.0,-0.29785156,Vp,15.0,20,750.0,20.0,1500.0,1500,1500.0,1.0,40.0,0.25
1780,34480.0,-0.33698654,Vp,15.0,20,750.0,20.0,1500.0,1500,1500.0,1.0,40.0,0.25
1781,34490.0,-0.43330383,Vp,15.0,20,750.0,20.0,1500.0,1500,1500.0,1.0,40.0,0.25
1782,34500.0,-0.17136383,Vp,15.0,20,750.0,20.0,1500.0,1500,1500.0,1.0,40.0,0.25
1783,34510.0,-0.4423256,Vp,15.0,20,750.0,20.0,1500.0,1500,1500.0,1.0,40.0,0.25
1784,34520.0,-0.3023491,Vp,15.0,20,750.0,20.0,1500.0,1500,1500.0,1.0,40.0,0.25
1785,34530.0,0.022151947,Vp,15.0,20,750.0,20.0,1500.0,1500,1500.0,1.0,40.0,0.25
1786,34540.0,-0.23973083,Vp,15.0,20,750.0,20.0,1500.0,1500,1500.0,1.0,40.0,0.25
1787,34550.0,-0.49046326,Vp,15.0,20,750.0,20.0,1500.0,1500,1500.0,1.0,40.0,0.25
1788,34560.0,-0.5359268,Vp,15.0,20,750.0,20.0,1500.0,1500,1500.0,1.0,40.0,0.25
1789,34570.0,-0.22162628,Vp,15.0,20,750.0,20.0,1500.0,1500,1500.0,1.0,40.0,0.25
1790,34580.0,-0.4007187,Vp,15.0,20,750.0,20.0,1500.0,1500,1500.0,1.0,40.0,0.25
1791,34590.0,-0.60313797,Vp,15.0,20,750.0,20.0,1500.0,1500,1500.0,1.0,40.0,0.25
1792,34600.0,-0.50795746,Vp,15.0,20,750.0,20.0,1500.0,1500,1500.0,1.0,40.0,0.25
1793,34610.0,-0.39780045,Vp,15.0,20,750.0,20.0,1500.0,1500,1500.0,1.0,40.0,0.25
1794,34620.0,-0.47143173,Vp,15.0,20,750.0,20.0,1500.0,1500,1500.0,1.0,40.0,0.25
1795,34630.0,-0.24427032,Vp,15.0,20,750.0,20.0,1500.0,1500,1500.0,1.0,40.0,0.25
1796,34640.0,-0.33411407,Vp,15.0,20,750.0,20.0,1500.0,1500,1500.0,1.0,40.0,0.25
1797,34650.0,-0.50639725,Vp,15.0,20,750.0,20.0,1500.0,1500,1500.0,1.0,40.0,0.25
1798,34660.0,-0.5067787,Vp,15.0,20,750.0,20.0,1500.0,1500,1500.0,1.0,40.0,0.25
1799,34670.0,-0.2578888,Vp,15.0,20,750.0,20.0,1500.0,1500,1500.0,1.0,40.0,0.25
1800,34680.0,-0.1276207,Vp,15.0,20,750.0,20.0,1500.0,1500,1500.0,1.0,40.0,0.25
1801,34690.0,-0.35389328,Vp,15.0,20,750.0,20.0,1500.0,1500,1500.0,1.0,40.0,0.25
1802,34700.0,-0.6505928,Vp,15.0,20,750.0,20.0,1500.0,1500,1500.0,1.0,40.0,0.25
1803,34710.0,-0.45045853,Vp,15.0,20,750.0,20.0,1500.0,1500,1500.0,1.0,40.0,0.25
1804,34720.0,-0.36806488,Vp,15.0,20,750.0,20.0,1500.0,1500,1500.0,1.0,40.0,0.25
1805,34730.0,-0.3046074,Vp,15.0,20,750.0,20.0,1500.0,1500,1500.0,1.0,40.0,0.25
1806,34740.0,-0.46773148,Vp,15.0,20,750.0,20.0,1500.0,1500,1500.0,1.0,40.0,0.25
1807,34750.0,-0.30324173,Vp,15.0,20,750.0,20.0,1500.0,1500,1500.0,1.0,40.0,0.25
1808,37070.0,-0.43457413,Vp,15.0,20,750.0,20.0,1500.0,1500,1500.0,1.0,40.0,0.25
1809,37080.0,-0.60596085,Vp,15.0,20,750.0,20.0,1500.0,1500,1500.0,1.0,40.0,0.25
1810,37090.0,-0.6599312,Vp,15.0,20,750.0,20.0,1500.0,1500,1500.0,1.0,40.0,0.25
1811,37100.0,-0.421875,Vp,15.0,20,750.0,20.0,1500.0,1500,1500.0,1.0,40.0,0.25
1812,37110.0,-0.26091385,Vp,15.0,20,750.0,20.0,1500.0,1500,1500.0,1.0,40.0,0.25
1813,37120.0,-0.33167267,Vp,15.0,20,750.0,20.0,1500.0,1500,1500.0,1.0,40.0,0.25
1814,37130.0,-0.4082718,Vp,15.0,20,750.0,20.0,1500.0,1500,1500.0,1.0,40.0,0.25
1815,37140.0,-0.3846321,Vp,15.0,20,750.0,20.0,1500.0,1500,1500.0,1.0,40.0,0.25
1816,37150.0,-0.28450394,Vp,15.0,20,750.0,20.0,1500.0,1500,1500.0,1.0,40.0,0.25
1817,37160.0,-0.19105911,Vp,15.0,20,750.0,20.0,1500.0,1500,1500.0,1.0,40.0,0.25
1818,37170.0,-0.4888153,Vp,15.0,20,750.0,20.0,1500.0,1500,1500.0,1.0,40.0,0.25
1819,37180.0,-0.31819916,Vp,15.0,20,750.0,20.0,1500.0,1500,1500.0,1.0,40.0,0.25
1820,37190.0,-0.14496994,Vp,15.0,20,750.0,20.0,1500.0,1500,1500.0,1.0,40.0,0.25
1821,37200.0,-0.27306366,Vp,15.0,20,750.0,20.0,1500.0,1500,1500.0,1.0,40.0,0.25
1822,37210.0,-0.40301895,Vp,15.0,20,750.0,20.0,1500.0,1500,1500.0,1.0,40.0,0.25
1823,37220.0,-0.5747261,Vp,15.0,20,750.0,20.0,1500.0,1500,1500.0,1.0,40.0,0.25
1824,37230.0,-0.26298904,Vp,15.0,20,750.0,20.0,1500.0,1500,1500.0,1.0,40.0,0.25
1825,37240.0,-0.42412186,Vp,15.0,20,750.0,20.0,1500.0,1500,1500.0,1.0,40.0,0.25
1826,37250.0,-0.33600998,Vp,15.0,20,750.0,20.0,1500.0,1500,1500.0,1.0,40.0,0.25
1827,37260.0,-0.4873085,Vp,15.0,20,750.0,20.0,1500.0,1500,1500.0,1.0,40.0,0.25
1828,37270.0,-0.36628723,Vp,15.0,20,750.0,20.0,1500.0,1500,1500.0,1.0,40.0,0.25
1829,37280.0,-0.18909073,Vp,15.0,20,750.0,20.0,1500.0,1500,1500.0,1.0,40.0,0.25
1830,37290.0,-0.21861267,Vp,15.0,20,750.0,20.0,1500.0,1500,1500.0,1.0,40.0,0.25
1831,37300.0,-0.3535347,Vp,15.0,20,750.0,20.0,1500.0,1500,1500.0,1.0,40.0,0.25
1832,37310.0,-0.57670975,Vp,15.0,20,750.0,20.0,1500.0,1500,1500.0,1.0,40.0,0.25
1833,37320.0,-0.69838333,Vp,15.0,20,750.0,20.0,1500.0,1500,1500.0,1.0,40.0,0.25
1834,37330.0,-0.15286255,Vp,15.0,20,750.0,20.0,1500.0,1500,1500.0,1.0,40.0,0.25
1835,37340.0,-0.13612366,Vp,15.0,20,750.0,20.0,1500.0,1500,1500.0,1.0,40.0,0.25
1836,37350.0,-0.11594391,Vp,15.0,20,750.0,20.0,1500.0,1500,1500.0,1.0,40.0,0.25
1837,37360.0,-0.34161377,Vp,15.0,20,750.0,20.0,1500.0,1500,1500.0,1.0,40.0,0.25
1838,37370.0,-0.42186737,Vp,15.0,20,750.0,20.0,1500.0,1500,1500.0,1.0,40.0,0.25
1839,37380.0,-0.37874222,Vp,15.0,20,750.0,20.0,1500.0,1500,1500.0,1.0,40.0,0.25
1840,37390.0,-0.50964355,Vp,15.0,20,750.0,20.0,1500.0,1500,1500.0,1.0,40.0,0.25
1841,37400.0,-0.4874153,Vp,15.0,20,750.0,20.0,1500.0,1500,1500.0,1.0,40.0,0.25
1842,37410.0,-0.59586334,Vp,15.0,20,750.0,20.0,1500.0,1500,1500.0,1.0,40.0,0.25
1843,37420.0,-0.1925354,Vp,15.0,20,750.0,20.0,1500.0,1500,1500.0,1.0,40.0,0.25
1844,37430.0,-0.17086029,Vp,15.0,20,750.0,20.0,1500.0,1500,1500.0,1.0,40.0,0.25
1845,37440.0,-0.3153305,Vp,15.0,20,750.0,20.0,1500.0,1500,1500.0,1.0,40.0,0.25
1846,37450.0,-0.40402985,Vp,15.0,20,750.0,20.0,1500.0,1500,1500.0,1.0,40.0,0.25
1847,37460.0,-0.5447273,Vp,15.0,20,750.0,20.0,1500.0,1500,1500.0,1.0,40.0,0.25
1848,37470.0,-0.26784515,Vp,15.0,20,750.0,20.0,1500.0,1500,1500.0,1.0,40.0,0.25
1849,37480.0,-0.3195877,Vp,15.0,20,750.0,20.0,1500.0,1500,1500.0,1.0,40.0,0.25
1850,37490.0,-0.6134949,Vp,15.0,20,750.0,20.0,1500.0,1500,1500.0,1.0,40.0,0.25
1851,37500.0,-0.19307327,Vp,15.0,20,750.0,20.0,1500.0,1500,1500.0,1.0,40.0,0.25
1852,37510.0,-0.1279335,Vp,15.0,20,750.0,20.0,1500.0,1500,1500.0,1.0,40.0,0.25
1853,37520.0,-0.42058182,Vp,15.0,20,750.0,20.0,1500.0,1500,1500.0,1.0,40.0,0.25
1854,37530.0,-0.60417175,Vp,15.0,20,750.0,20.0,1500.0,1500,1500.0,1.0,40.0,0.25
1855,37540.0,-0.51821136,Vp,15.0,20,750.0,20.0,1500.0,1500,1500.0,1.0,40.0,0.25
1856,37550.0,-0.33343887,Vp,15.0,20,750.0,20.0,1500.0,1500,1500.0,1.0,40.0,0.25
1857,37560.0,-0.16873932,Vp,15.0,20,750.0,20.0,1500.0,1500,1500.0,1.0,40.0,0.25
1858,37570.0,-0.4343109,Vp,15.0,20,750.0,20.0,1500.0,1500,1500.0,1.0,40.0,0.25
1859,37580.0,-0.4765892,Vp,15.0,20,750.0,20.0,1500.0,1500,1500.0,1.0,40.0,0.25
1860,37590.0,-0.28723526,Vp,15.0,20,750.0,20.0,1500.0,1500,1500.0,1.0,40.0,0.25
1861,37600.0,-0.39048767,Vp,15.0,20,750.0,20.0,1500.0,1500,1500.0,1.0,40.0,0.25
1862,37610.0,-0.47091675,Vp,15.0,20,750.0,20.0,1500.0,1500,1500.0,1.0,40.0,0.25
1863,37620.0,-0.45020294,Vp,15.0,20,750.0,20.0,1500.0,1500,1500.0,1.0,40.0,0.25
1864,37630.0,-0.3438797,Vp,15.0,20,750.0,20.0,1500.0,1500,1500.0,1.0,40.0,0.25
1865,37640.0,-0.7332611,Vp,15.0,20,750.0,20.0,1500.0,1500,1500.0,1.0,40.0,0.25
1866,37650.0,-0.33375168,Vp,15.0,20,750.0,20.0,1500.0,1500,1500.0,1.0,40.0,0.25
1867,37660.0,-0.42294312,Vp,15.0,20,750.0,20.0,1500.0,1500,1500.0,1.0,40.0,0.25
1868,37670.0,-0.413002,Vp,15.0,20,750.0,20.0,1500.0,1500,1500.0,1.0,40.0,0.25
1869,37680.0,-0.49121475,Vp,15.0,20,750.0,20.0,1500.0,1500,1500.0,1.0,40.0,0.25
1870,37690.0,-0.3859787,Vp,15.0,20,750.0,20.0,1500.0,1500,1500.0,1.0,40.0,0.25
1871,37700.0,-0.46826935,Vp,15.0,20,750.0,20.0,1500.0,1500,1500.0,1.0,40.0,0.25
1872,37710.0,-0.2982483,Vp,15.0,20,750.0,20.0,1500.0,1500,1500.0,1.0,40.0,0.25
1873,37720.0,-0.29781723,Vp,15.0,20,750.0,20.0,1500.0,1500,1500.0,1.0,40.0,0.25
1874,37730.0,-0.5065155,Vp,15.0,20,750.0,20.0,1500.0,1500,1500.0,1.0,40.0,0.25
1875,37740.0,-0.6483841,Vp,15.0,20,750.0,20.0,1500.0,1500,1500.0,1.0,40.0,0.25
1876,37750.0,-0.0834465,Vp,15.0,20,750.0,20.0,1500.0,1500,1500.0,1.0,40.0,0.25
1877,37760.0,-0.04134369,Vp,15.0,20,750.0,20.0,1500.0,1500,1500.0,1.0,40.0,0.25
1878,37770.0,-0.57108307,Vp,15.0,20,750.0,20.0,1500.0,1500,1500.0,1.0,40.0,0.25
1879,37780.0,-0.50868225,Vp,15.0,20,750.0,20.0,1500.0,1500,1500.0,1.0,40.0,0.25
1880,37790.0,-0.30535507,Vp,15.0,20,750.0,20.0,1500.0,1500,1500.0,1.0,40.0,0.25
1881,37800.0,-0.40130997,Vp,15.0,20,750.0,20.0,1500.0,1500,1500.0,1.0,40.0,0.25
1882,37810.0,-0.6238594,Vp,15.0,20,750.0,20.0,1500.0,1500,1500.0,1.0,40.0,0.25
1883,37820.0,0.32992554,Vp,15.0,20,750.0,20.0,1500.0,1500,1500.0,1.0,40.0,0.25
1884,37830.0,5.1363297,Vp,15.0,20,750.0,20.0,1500.0,1500,1500.0,1.0,40.0,0.25
1885,37840.0,6.707489,Vp,15.0,20,750.0,20.0,1500.0,1500,1500.0,1.0,40.0,0.25
1886,37850.0,5.721466,Vp,15.0,20,750.0,20.0,1500.0,1500,1500.0,1.0,40.0,0.25
1887,37860.0,4.4737167,Vp,15.0,20,750.0,20.0,1500.0,1500,1500.0,1.0,40.0,0.25
1888,37870.0,3.5188217,Vp,15.0,20,750.0,20.0,1500.0,1500,1500.0,1.0,40.0,0.25
1889,37880.0,2.829029,Vp,15.0,20,750.0,20.0,1500.0,1500,1500.0,1.0,40.0,0.25
1890,37890.0,2.3823776,Vp,15.0,20,750.0,20.0,1500.0,1500,1500.0,1.0,40.0,0.25
1891,37900.0,2.1071281,Vp,15.0,20,750.0,20.0,1500.0,1500,1500.0,1.0,40.0,0.25
1892,37910.0,1.9104156,Vp,15.0,20,750.0,20.0,1500.0,1500,1500.0,1.0,40.0,0.25
1893,37920.0,1.7894783,Vp,15.0,20,750.0,20.0,1500.0,1500,1500.0,1.0,40.0,0.25
1894,37930.0,1.703331,Vp,15.0,20,750.0,20.0,1500.0,1500,1500.0,1.0,40.0,0.25
1895,37940.0,1.6181602,Vp,15.0,20,750.0,20.0,1500.0,1500,1500.0,1.0,40.0,0.25
1896,37950.0,1.5562363,Vp,15.0,20,750.0,20.0,1500.0,1500,1500.0,1.0,40.0,0.25
1897,37960.0,1.5051079,Vp,15.0,20,750.0,20.0,1500.0,1500,1500.0,1.0,40.0,0.25
1898,37970.0,1.4857712,Vp,15.0,20,750.0,20.0,1500.0,1500,1500.0,1.0,40.0,0.25
1899,37980.0,1.4443626,Vp,15.0,20,750.0,20.0,1500.0,1500,1500.0,1.0,40.0,0.25
1900,37990.0,1.4111404,Vp,15.0,20,750.0,20.0,1500.0,1500,1500.0,1.0,40.0,0.25
1901,38000.0,1.3985596,Vp,15.0,20,750.0,20.0,1500.0,1500,1500.0,1.0,40.0,0.25
1902,38010.0,1.3811455,Vp,15.0,20,750.0,20.0,1500.0,1500,1500.0,1.0,40.0,0.25
1903,38020.0,1.3159561,Vp,15.0,20,750.0,20.0,1500.0,1500,1500.0,1.0,40.0,0.25
1904,38030.0,1.2792969,Vp,15.0,20,750.0,20.0,1500.0,1500,1500.0,1.0,40.0,0.25
1905,38040.0,1.2307434,Vp,15.0,20,750.0,20.0,1500.0,1500,1500.0,1.0,40.0,0.25
1906,38050.0,1.1610451,Vp,15.0,20,750.0,20.0,1500.0,1500,1500.0,1.0,40.0,0.25
1907,38060.0,1.0875206,Vp,15.0,20,750.0,20.0,1500.0,1500,1500.0,1.0,40.0,0.25
1908,38070.0,1.0395775,Vp,15.0,20,750.0,20.0,1500.0,1500,1500.0,1.0,40.0,0.25
1909,38080.0,0.9804344,Vp,15.0,20,750.0,20.0,1500.0,1500,1500.0,1.0,40.0,0.25
1910,38090.0,0.8693657,Vp,15.0,20,750.0,20.0,1500.0,1500,1500.0,1.0,40.0,0.25
1911,38100.0,0.7658577,Vp,15.0,20,750.0,20.0,1500.0,1500,1500.0,1.0,40.0,0.25
1912,38110.0,0.71668625,Vp,15.0,20,750.0,20.0,1500.0,1500,1500.0,1.0,40.0,0.25
1913,38120.0,0.6353798,Vp,15.0,20,750.0,20.0,1500.0,1500,1500.0,1.0,40.0,0.25
1914,38130.0,0.49194336,Vp,15.0,20,750.0,20.0,1500.0,1500,1500.0,1.0,40.0,0.25
1915,38140.0,0.35449982,Vp,15.0,20,750.0,20.0,1500.0,1500,1500.0,1.0,40.0,0.25
1916,38150.0,0.22668076,Vp,15.0,20,750.0,20.0,1500.0,1500,1500.0,1.0,40.0,0.25
1917,38160.0,0.08570099,Vp,15.0,20,750.0,20.0,1500.0,1500,1500.0,1.0,40.0,0.25
1918,38170.0,-0.0011367798,Vp,15.0,20,750.0,20.0,1500.0,1500,1500.0,1.0,40.0,0.25
1919,38180.0,-0.16169739,Vp,15.0,20,750.0,20.0,1500.0,1500,1500.0,1.0,40.0,0.25
1920,38190.0,-0.12414932,Vp,15.0,20,750.0,20.0,1500.0,1500,1500.0,1.0,40.0,0.25
1921,38200.0,-0.10546112,Vp,15.0,20,750.0,20.0,1500.0,1500,1500.0,1.0,40.0,0.25
1922,38210.0,-0.101924896,Vp,15.0,20,750.0,20.0,1500.0,1500,1500.0,1.0,40.0,0.25
1923,38220.0,-0.24367142,Vp,15.0,20,750.0,20.0,1500.0,1500,1500.0,1.0,40.0,0.25
1924,38230.0,-0.16945267,Vp,15.0,20,750.0,20.0,1500.0,1500,1500.0,1.0,40.0,0.25
1925,38240.0,-0.19831848,Vp,15.0,20,750.0,20.0,1500.0,1500,1500.0,1.0,40.0,0.25
1926,38250.0,-0.41656494,Vp,15.0,20,750.0,20.0,1500.0,1500,1500.0,1.0,40.0,0.25
1927,38260.0,-0.31932068,Vp,15.0,20,750.0,20.0,1500.0,1500,1500.0,1.0,40.0,0.25
1928,38270.0,-0.29376984,Vp,15.0,20,750.0,20.0,1500.0,1500,1500.0,1.0,40.0,0.25
1929,38280.0,-0.3649063,Vp,15.0,20,750.0,20.0,1500.0,1500,1500.0,1.0,40.0,0.25
1930,38290.0,-0.3236122,Vp,15.0,20,750.0,20.0,1500.0,1500,1500.0,1.0,40.0,0.25
1931,38300.0,-0.21010208,Vp,15.0,20,750.0,20.0,1500.0,1500,1500.0,1.0,40.0,0.25
1932,38310.0,-0.24213791,Vp,15.0,20,750.0,20.0,1500.0,1500,1500.0,1.0,40.0,0.25
1933,38320.0,-0.43995667,Vp,15.0,20,750.0,20.0,1500.0,1500,1500.0,1.0,40.0,0.25
1934,38330.0,-0.14684677,Vp,15.0,20,750.0,20.0,1500.0,1500,1500.0,1.0,40.0,0.25
1935,38340.0,-0.04786682,Vp,15.0,20,750.0,20.0,1500.0,1500,1500.0,1.0,40.0,0.25
1936,38350.0,-0.16160965,Vp,15.0,20,750.0,20.0,1500.0,1500,1500.0,1.0,40.0,0.25
1937,38360.0,-0.23822403,Vp,15.0,20,750.0,20.0,1500.0,1500,1500.0,1.0,40.0,0.25
1938,38370.0,-0.3491478,Vp,15.0,20,750.0,20.0,1500.0,1500,1500.0,1.0,40.0,0.25
1939,38380.0,-0.25051498,Vp,15.0,20,750.0,20.0,1500.0,1500,1500.0,1.0,40.0,0.25
1940,38390.0,0.09988785,Vp,15.0,20,750.0,20.0,1500.0,1500,1500.0,1.0,40.0,0.25
1941,38400.0,-0.22610474,Vp,15.0,20,750.0,20.0,1500.0,1500,1500.0,1.0,40.0,0.25
1942,38410.0,-0.205616,Vp,15.0,20,750.0,20.0,1500.0,1500,1500.0,1.0,40.0,0.25
1943,38420.0,-0.1337738,Vp,15.0,20,750.0,20.0,1500.0,1500,1500.0,1.0,40.0,0.25
1944,38430.0,-0.19560623,Vp,15.0,20,750.0,20.0,1500.0,1500,1500.0,1.0,40.0,0.25
1945,38440.0,-0.0846405,Vp,15.0,20,750.0,20.0,1500.0,1500,1500.0,1.0,40.0,0.25
1946,38450.0,-0.25209427,Vp,15.0,20,750.0,20.0,1500.0,1500,1500.0,1.0,40.0,0.25
1947,38460.0,-0.29644394,Vp,15.0,20,750.0,20.0,1500.0,1500,1500.0,1.0,40.0,0.25
1948,38470.0,-0.14951324,Vp,15.0,20,750.0,20.0,1500.0,1500,1500.0,1.0,40.0,0.25
1949,38480.0,-0.17990112,Vp,15.0,20,750.0,20.0,1500.0,1500,1500.0,1.0,40.0,0.25
1950,38490.0,-0.27054214,Vp,15.0,20,750.0,20.0,1500.0,1500,1500.0,1.0,40.0,0.25
1951,38500.0,-0.35269928,Vp,15.0,20,750.0,20.0,1500.0,1500,1500.0,1.0,40.0,0.25
1952,38510.0,-0.21119308,Vp,15.0,20,750.0,20.0,1500.0,1500,1500.0,1.0,40.0,0.25
1953,38520.0,0.011451721,Vp,15.0,20,750.0,20.0,1500.0,1500,1500.0,1.0,40.0,0.25
1954,38530.0,-0.16204071,Vp,15.0,20,750.0,20.0,1500.0,1500,1500.0,1.0,40.0,0.25
1955,38540.0,-0.35593414,Vp,15.0,20,750.0,20.0,1500.0,1500,1500.0,1.0,40.0,0.25
1956,38550.0,-0.3127861,Vp,15.0,20,750.0,20.0,1500.0,1500,1500.0,1.0,40.0,0.25
1957,38560.0,-0.19704819,Vp,15.0,20,750.0,20.0,1500.0,1500,1500.0,1.0,40.0,0.25
1958,38570.0,-0.092178345,Vp,15.0,20,750.0,20.0,1500.0,1500,1500.0,1.0,40.0,0.25
1959,38580.0,-0.20527267,Vp,15.0,20,750.0,20.0,1500.0,1500,1500.0,1.0,40.0,0.25
1960,38590.0,-0.15001297,Vp,15.0,20,750.0,20.0,1500.0,1500,1500.0,1.0,40.0,0.25
1961,38600.0,-0.17712402,Vp,15.0,20,750.0,20.0,1500.0,1500,1500.0,1.0,40.0,0.25
1962,38610.0,-0.22935867,Vp,15.0,20,750.0,20.0,1500.0,1500,1500.0,1.0,40.0,0.25
1963,38620.0,-0.39933777,Vp,15.0,20,750.0,20.0,1500.0,1500,1500.0,1.0,40.0,0.25
1964,38630.0,-0.09460831,Vp,15.0,20,750.0,20.0,1500.0,1500,1500.0,1.0,40.0,0.25
1965,38640.0,-0.32246017,Vp,15.0,20,750.0,20.0,1500.0,1500,1500.0,1.0,40.0,0.25
1966,38650.0,-0.41583252,Vp,15.0,20,750.0,20.0,1500.0,1500,1500.0,1.0,40.0,0.25
1967,38660.0,-0.13656616,Vp,15.0,20,750.0,20.0,1500.0,1500,1500.0,1.0,40.0,0.25
1968,38670.0,-0.1897049,Vp,15.0,20,750.0,20.0,1500.0,1500,1500.0,1.0,40.0,0.25
1969,38680.0,-0.39981842,Vp,15.0,20,750.0,20.0,1500.0,1500,1500.0,1.0,40.0,0.25
1970,38690.0,-0.2929306,Vp,15.0,20,750.0,20.0,1500.0,1500,1500.0,1.0,40.0,0.25
1971,38700.0,0.022899628,Vp,15.0,20,750.0,20.0,1500.0,1500,1500.0,1.0,40.0,0.25
1972,38710.0,-0.274292,Vp,15.0,20,750.0,20.0,1500.0,1500,1500.0,1.0,40.0,0.25
1973,38720.0,-0.32831192,Vp,15.0,20,750.0,20.0,1500.0,1500,1500.0,1.0,40.0,0.25
1974,38730.0,-0.09447861,Vp,15.0,20,750.0,20.0,1500.0,1500,1500.0,1.0,40.0,0.25
1975,38740.0,0.017604828,Vp,15.0,20,750.0,20.0,1500.0,1500,1500.0,1.0,40.0,0.25
1976,38750.0,-0.29490662,Vp,15.0,20,750.0,20.0,1500.0,1500,1500.0,1.0,40.0,0.25
1977,38760.0,-0.3428192,Vp,15.0,20,750.0,20.0,1500.0,1500,1500.0,1.0,40.0,0.25
1978,38770.0,-0.10525131,Vp,15.0,20,750.0,20.0,1500.0,1500,1500.0,1.0,40.0,0.25
1979,38780.0,-0.2243309,Vp,15.0,20,750.0,20.0,1500.0,1500,1500.0,1.0,40.0,0.25
1980,38790.0,-0.35991287,Vp,15.0,20,750.0,20.0,1500.0,1500,1500.0,1.0,40.0,0.25
1981,38800.0,0.02778244,Vp,15.0,20,750.0,20.0,1500.0,1500,1500.0,1.0,40.0,0.25
1982,38810.0,-0.11582565,Vp,15.0,20,750.0,20.0,1500.0,1500,1500.0,1.0,40.0,0.25
1983,38820.0,-0.30739594,Vp,15.0,20,750.0,20.0,1500.0,1500,1500.0,1.0,40.0,0.25
1984,38830.0,-0.2728424,Vp,15.0,20,750.0,20.0,1500.0,1500,1500.0,1.0,40.0,0.25
1985,38840.0,-0.5226593,Vp,15.0,20,750.0,20.0,1500.0,1500,1500.0,1.0,40.0,0.25
1986,38850.0,-0.18253708,Vp,15.0,20,750.0,20.0,1500.0,1500,1500.0,1.0,40.0,0.25
1987,38860.0,-0.22372055,Vp,15.0,20,750.0,20.0,1500.0,1500,1500.0,1.0,40.0,0.25
1988,38870.0,-0.50813293,Vp,15.0,20,750.0,20.0,1500.0,1500,1500.0,1.0,40.0,0.25
1989,38880.0,-0.4483261,Vp,15.0,20,750.0,20.0,1500.0,1500,1500.0,1.0,40.0,0.25
1990,38890.0,-0.22209167,Vp,15.0,20,750.0,20.0,1500.0,1500,1500.0,1.0,40.0,0.25
1991,38900.0,-0.16853333,Vp,15.0,20,750.0,20.0,1500.0,1500,1500.0,1.0,40.0,0.25
1992,38910.0,-0.42767715,Vp,15.0,20,750.0,20.0,1500.0,1500,1500.0,1.0,40.0,0.25
1993,38920.0,-0.3946457,Vp,15.0,20,750.0,20.0,1500.0,1500,1500.0,1.0,40.0,0.25
1994,38930.0,-0.09895325,Vp,15.0,20,750.0,20.0,1500.0,1500,1500.0,1.0,40.0,0.25
1995,38940.0,-0.3816948,Vp,15.0,20,750.0,20.0,1500.0,1500,1500.0,1.0,40.0,0.25
1996,38950.0,-0.33389282,Vp,15.0,20,750.0,20.0,1500.0,1500,1500.0,1.0,40.0,0.25
1997,38960.0,-0.29542923,Vp,15.0,20,750.0,20.0,1500.0,1500,1500.0,1.0,40.0,0.25
1998,38970.0,-0.21614838,Vp,15.0,20,750.0,20.0,1500.0,1500,1500.0,1.0,40.0,0.25
1999,38980.0,-0.3499794,Vp,15.0,20,750.0,20.0,1500.0,1500,1500.0,1.0,40.0,0.25
2000,38990.0,-0.44553375,Vp,15.0,20,750.0,20.0,1500.0,1500,1500.0,1.0,40.0,0.25
2001,39000.0,0.01757431,Vp,15.0,20,750.0,20.0,1500.0,1500,1500.0,1.0,40.0,0.25
2002,39010.0,-0.01354599,Vp,15.0,20,750.0,20.0,1500.0,1500,1500.0,1.0,40.0,0.25
2003,39020.0,-0.21572113,Vp,15.0,20,750.0,20.0,1500.0,1500,1500.0,1.0,40.0,0.25
2004,39030.0,-0.3973503,Vp,15.0,20,750.0,20.0,1500.0,1500,1500.0,1.0,40.0,0.25
2005,39040.0,-0.5324516,Vp,15.0,20,750.0,20.0,1500.0,1500,1500.0,1.0,40.0,0.25
2006,39050.0,-0.40327072,Vp,15.0,20,750.0,20.0,1500.0,1500,1500.0,1.0,40.0,0.25
2007,39060.0,-0.14472961,Vp,15.0,20,750.0,20.0,1500.0,1500,1500.0,1.0,40.0,0.25
2008,39070.0,-0.40739822,Vp,15.0,20,750.0,20.0,1500.0,1500,1500.0,1.0,40.0,0.25
2009,39080.0,-0.48314667,Vp,15.0,20,750.0,20.0,1500.0,1500,1500.0,1.0,40.0,0.25
2010,39090.0,-0.21668625,Vp,15.0,20,750.0,20.0,1500.0,1500,1500.0,1.0,40.0,0.25
2011,39100.0,-0.2284317,Vp,15.0,20,750.0,20.0,1500.0,1500,1500.0,1.0,40.0,0.25
2012,39110.0,-0.5894394,Vp,15.0,20,750.0,20.0,1500.0,1500,1500.0,1.0,40.0,0.25
2013,39120.0,-0.33932877,Vp,15.0,20,750.0,20.0,1500.0,1500,1500.0,1.0,40.0,0.25
2014,39130.0,-0.27723694,Vp,15.0,20,750.0,20.0,1500.0,1500,1500.0,1.0,40.0,0.25
2015,39140.0,-0.36063004,Vp,15.0,20,750.0,20.0,1500.0,1500,1500.0,1.0,40.0,0.25
2016,39150.0,-0.3963852,Vp,15.0,20,750.0,20.0,1500.0,1500,1500.0,1.0,40.0,0.25
2017,39160.0,-0.42938614,Vp,15.0,20,750.0,20.0,1500.0,1500,1500.0,1.0,40.0,0.25
2018,39170.0,-0.21644592,Vp,15.0,20,750.0,20.0,1500.0,1500,1500.0,1.0,40.0,0.25
2019,39180.0,-0.4420929,Vp,15.0,20,750.0,20.0,1500.0,1500,1500.0,1.0,40.0,0.25
2020,39190.0,-0.5238304,Vp,15.0,20,750.0,20.0,1500.0,1500,1500.0,1.0,40.0,0.25
2021,39200.0,-0.21917343,Vp,15.0,20,750.0,20.0,1500.0,1500,1500.0,1.0,40.0,0.25
2022,39210.0,-0.15844727,Vp,15.0,20,750.0,20.0,1500.0,1500,1500.0,1.0,40.0,0.25
2023,39220.0,-0.33301163,Vp,15.0,20,750.0,20.0,1500.0,1500,1500.0,1.0,40.0,0.25
2024,39230.0,-0.22097015,Vp,15.0,20,750.0,20.0,1500.0,1500,1500.0,1.0,40.0,0.25
2025,39240.0,-0.3563919,Vp,15.0,20,750.0,20.0,1500.0,1500,1500.0,1.0,40.0,0.25
2026,39250.0,-0.4028511,Vp,15.0,20,750.0,20.0,1500.0,1500,1500.0,1.0,40.0,0.25
2027,39260.0,-0.6723976,Vp,15.0,20,750.0,20.0,1500.0,1500,1500.0,1.0,40.0,0.25
2028,39270.0,-0.1859932,Vp,15.0,20,750.0,20.0,1500.0,1500,1500.0,1.0,40.0,0.25
2029,39280.0,-0.20926285,Vp,15.0,20,750.0,20.0,1500.0,1500,1500.0,1.0,40.0,0.25
2030,39290.0,-0.5102005,Vp,15.0,20,750.0,20.0,1500.0,1500,1500.0,1.0,40.0,0.25
2031,39300.0,-0.24872208,Vp,15.0,20,750.0,20.0,1500.0,1500,1500.0,1.0,40.0,0.25
2032,39310.0,-0.13858032,Vp,15.0,20,750.0,20.0,1500.0,1500,1500.0,1.0,40.0,0.25
2033,39320.0,-0.41824722,Vp,15.0,20,750.0,20.0,1500.0,1500,1500.0,1.0,40.0,0.25
2034,41940.0,-0.585804,Vp,15.0,20,750.0,20.0,1500.0,1500,1500.0,1.0,40.0,0.25
2035,41950.0,-0.4054718,Vp,15.0,20,750.0,20.0,1500.0,1500,1500.0,1.0,40.0,0.25
2036,41960.0,-0.46746826,Vp,15.0,20,750.0,20.0,1500.0,1500,1500.0,1.0,40.0,0.25
2037,41970.0,-0.33989334,Vp,15.0,20,750.0,20.0,1500.0,1500,1500.0,1.0,40.0,0.25
2038,41980.0,-0.30968857,Vp,15.0,20,750.0,20.0,1500.0,1500,1500.0,1.0,40.0,0.25
2039,41990.0,-0.47766876,Vp,15.0,20,750.0,20.0,1500.0,1500,1500.0,1.0,40.0,0.25
2040,42000.0,-0.6130066,Vp,15.0,20,750.0,20.0,1500.0,1500,1500.0,1.0,40.0,0.25
2041,42010.0,-0.14820099,Vp,15.0,20,750.0,20.0,1500.0,1500,1500.0,1.0,40.0,0.25
2042,42020.0,-0.14159012,Vp,15.0,20,750.0,20.0,1500.0,1500,1500.0,1.0,40.0,0.25
2043,42030.0,-0.43963623,Vp,15.0,20,750.0,20.0,1500.0,1500,1500.0,1.0,40.0,0.25
2044,42040.0,-0.3647766,Vp,15.0,20,750.0,20.0,1500.0,1500,1500.0,1.0,40.0,0.25
2045,42050.0,-0.49887085,Vp,15.0,20,750.0,20.0,1500.0,1500,1500.0,1.0,40.0,0.25
2046,42060.0,-0.1334877,Vp,15.0,20,750.0,20.0,1500.0,1500,1500.0,1.0,40.0,0.25
2047,42070.0,-0.46956253,Vp,15.0,20,750.0,20.0,1500.0,1500,1500.0,1.0,40.0,0.25
2048,42080.0,-0.3734932,Vp,15.0,20,750.0,20.0,1500.0,1500,1500.0,1.0,40.0,0.25
2049,42090.0,-0.11458588,Vp,15.0,20,750.0,20.0,1500.0,1500,1500.0,1.0,40.0,0.25
2050,42100.0,-0.09088898,Vp,15.0,20,750.0,20.0,1500.0,1500,1500.0,1.0,40.0,0.25
2051,42110.0,-0.38019562,Vp,15.0,20,750.0,20.0,1500.0,1500,1500.0,1.0,40.0,0.25
2052,42120.0,-0.25957108,Vp,15.0,20,750.0,20.0,1500.0,1500,1500.0,1.0,40.0,0.25
2053,42130.0,-0.2351265,Vp,15.0,20,750.0,20.0,1500.0,1500,1500.0,1.0,40.0,0.25
2054,42140.0,-0.62626266,Vp,15.0,20,750.0,20.0,1500.0,1500,1500.0,1.0,40.0,0.25
2055,42150.0,-0.64164734,Vp,15.0,20,750.0,20.0,1500.0,1500,1500.0,1.0,40.0,0.25
2056,42160.0,-0.16822433,Vp,15.0,20,750.0,20.0,1500.0,1500,1500.0,1.0,40.0,0.25
2057,42170.0,-0.29742432,Vp,15.0,20,750.0,20.0,1500.0,1500,1500.0,1.0,40.0,0.25
2058,42180.0,-0.56583405,Vp,15.0,20,750.0,20.0,1500.0,1500,1500.0,1.0,40.0,0.25
2059,42190.0,-0.19836807,Vp,15.0,20,750.0,20.0,1500.0,1500,1500.0,1.0,40.0,0.25
2060,42200.0,-0.2774048,Vp,15.0,20,750.0,20.0,1500.0,1500,1500.0,1.0,40.0,0.25
2061,42210.0,-0.4589882,Vp,15.0,20,750.0,20.0,1500.0,1500,1500.0,1.0,40.0,0.25
2062,42220.0,-0.2241211,Vp,15.0,20,750.0,20.0,1500.0,1500,1500.0,1.0,40.0,0.25
2063,42230.0,-0.19773865,Vp,15.0,20,750.0,20.0,1500.0,1500,1500.0,1.0,40.0,0.25
2064,42240.0,-0.53647995,Vp,15.0,20,750.0,20.0,1500.0,1500,1500.0,1.0,40.0,0.25
2065,42250.0,-0.66799927,Vp,15.0,20,750.0,20.0,1500.0,1500,1500.0,1.0,40.0,0.25
2066,42260.0,-0.29441833,Vp,15.0,20,750.0,20.0,1500.0,1500,1500.0,1.0,40.0,0.25
2067,42270.0,-0.2060585,Vp,15.0,20,750.0,20.0,1500.0,1500,1500.0,1.0,40.0,0.25
2068,42280.0,-0.6172333,Vp,15.0,20,750.0,20.0,1500.0,1500,1500.0,1.0,40.0,0.25
2069,42290.0,-0.4189911,Vp,15.0,20,750.0,20.0,1500.0,1500,1500.0,1.0,40.0,0.25
2070,42300.0,-0.41664124,Vp,15.0,20,750.0,20.0,1500.0,1500,1500.0,1.0,40.0,0.25
2071,42310.0,-0.41052628,Vp,15.0,20,750.0,20.0,1500.0,1500,1500.0,1.0,40.0,0.25
2072,42320.0,-0.51984024,Vp,15.0,20,750.0,20.0,1500.0,1500,1500.0,1.0,40.0,0.25
2073,42330.0,-0.543499,Vp,15.0,20,750.0,20.0,1500.0,1500,1500.0,1.0,40.0,0.25
2074,42340.0,-0.6479912,Vp,15.0,20,750.0,20.0,1500.0,1500,1500.0,1.0,40.0,0.25
2075,42350.0,-0.3461914,Vp,15.0,20,750.0,20.0,1500.0,1500,1500.0,1.0,40.0,0.25
2076,42360.0,-0.28525543,Vp,15.0,20,750.0,20.0,1500.0,1500,1500.0,1.0,40.0,0.25
2077,42370.0,-0.46653748,Vp,15.0,20,750.0,20.0,1500.0,1500,1500.0,1.0,40.0,0.25
2078,42380.0,-0.20449829,Vp,15.0,20,750.0,20.0,1500.0,1500,1500.0,1.0,40.0,0.25
2079,42390.0,-0.47733307,Vp,15.0,20,750.0,20.0,1500.0,1500,1500.0,1.0,40.0,0.25
2080,42400.0,-0.5236778,Vp,15.0,20,750.0,20.0,1500.0,1500,1500.0,1.0,40.0,0.25
2081,42410.0,-0.33104706,Vp,15.0,20,750.0,20.0,1500.0,1500,1500.0,1.0,40.0,0.25
2082,42420.0,-0.43413925,Vp,15.0,20,750.0,20.0,1500.0,1500,1500.0,1.0,40.0,0.25
2083,42430.0,-0.6016655,Vp,15.0,20,750.0,20.0,1500.0,1500,1500.0,1.0,40.0,0.25
2084,42440.0,-0.1420784,Vp,15.0,20,750.0,20.0,1500.0,1500,1500.0,1.0,40.0,0.25
2085,42450.0,-0.43200684,Vp,15.0,20,750.0,20.0,1500.0,1500,1500.0,1.0,40.0,0.25
2086,42460.0,-0.4658966,Vp,15.0,20,750.0,20.0,1500.0,1500,1500.0,1.0,40.0,0.25
2087,42470.0,-0.3315506,Vp,15.0,20,750.0,20.0,1500.0,1500,1500.0,1.0,40.0,0.25
2088,42480.0,-0.51851654,Vp,15.0,20,750.0,20.0,1500.0,1500,1500.0,1.0,40.0,0.25
2089,42490.0,-0.5757942,Vp,15.0,20,750.0,20.0,1500.0,1500,1500.0,1.0,40.0,0.25
2090,42500.0,-0.233181,Vp,15.0,20,750.0,20.0,1500.0,1500,1500.0,1.0,40.0,0.25
2091,42510.0,-0.29006577,Vp,15.0,20,750.0,20.0,1500.0,1500,1500.0,1.0,40.0,0.25
2092,42520.0,-0.43871307,Vp,15.0,20,750.0,20.0,1500.0,1500,1500.0,1.0,40.0,0.25
2093,42530.0,-0.33885193,Vp,15.0,20,750.0,20.0,1500.0,1500,1500.0,1.0,40.0,0.25
2094,42540.0,-0.27547455,Vp,15.0,20,750.0,20.0,1500.0,1500,1500.0,1.0,40.0,0.25
2095,42550.0,-0.2059288,Vp,15.0,20,750.0,20.0,1500.0,1500,1500.0,1.0,40.0,0.25
2096,42560.0,-0.6454849,Vp,15.0,20,750.0,20.0,1500.0,1500,1500.0,1.0,40.0,0.25
2097,42570.0,-0.31537247,Vp,15.0,20,750.0,20.0,1500.0,1500,1500.0,1.0,40.0,0.25
2098,42580.0,-0.27708435,Vp,15.0,20,750.0,20.0,1500.0,1500,1500.0,1.0,40.0,0.25
2099,42590.0,-0.67196274,Vp,15.0,20,750.0,20.0,1500.0,1500,1500.0,1.0,40.0,0.25
2100,42600.0,-0.50006866,Vp,15.0,20,750.0,20.0,1500.0,1500,1500.0,1.0,40.0,0.25
2101,42610.0,-0.54699326,Vp,15.0,20,750.0,20.0,1500.0,1500,1500.0,1.0,40.0,0.25
2102,42620.0,-0.42829132,Vp,15.0,20,750.0,20.0,1500.0,1500,1500.0,1.0,40.0,0.25
2103,42630.0,-0.35713196,Vp,15.0,20,750.0,20.0,1500.0,1500,1500.0,1.0,40.0,0.25
2104,42640.0,-0.61014557,Vp,15.0,20,750.0,20.0,1500.0,1500,1500.0,1.0,40.0,0.25
2105,42650.0,-0.4599495,Vp,15.0,20,750.0,20.0,1500.0,1500,1500.0,1.0,40.0,0.25
2106,42660.0,-0.16244507,Vp,15.0,20,750.0,20.0,1500.0,1500,1500.0,1.0,40.0,0.25
2107,42670.0,-0.44953918,Vp,15.0,20,750.0,20.0,1500.0,1500,1500.0,1.0,40.0,0.25
2108,42680.0,-0.553627,Vp,15.0,20,750.0,20.0,1500.0,1500,1500.0,1.0,40.0,0.25
2109,42690.0,0.74215317,Vp,15.0,20,750.0,20.0,1500.0,1500,1500.0,1.0,40.0,0.25
2110,42700.0,5.2384872,Vp,15.0,20,750.0,20.0,1500.0,1500,1500.0,1.0,40.0,0.25
2111,42710.0,6.7501907,Vp,15.0,20,750.0,20.0,1500.0,1500,1500.0,1.0,40.0,0.25
2112,42720.0,5.708168,Vp,15.0,20,750.0,20.0,1500.0,1500,1500.0,1.0,40.0,0.25
2113,42730.0,4.4375076,Vp,15.0,20,750.0,20.0,1500.0,1500,1500.0,1.0,40.0,0.25
2114,42740.0,3.47995,Vp,15.0,20,750.0,20.0,1500.0,1500,1500.0,1.0,40.0,0.25
2115,42750.0,2.8279305,Vp,15.0,20,750.0,20.0,1500.0,1500,1500.0,1.0,40.0,0.25
2116,42760.0,2.3821144,Vp,15.0,20,750.0,20.0,1500.0,1500,1500.0,1.0,40.0,0.25
2117,42770.0,2.0909004,Vp,15.0,20,750.0,20.0,1500.0,1500,1500.0,1.0,40.0,0.25
2118,42780.0,1.9028854,Vp,15.0,20,750.0,20.0,1500.0,1500,1500.0,1.0,40.0,0.25
2119,42790.0,1.7835999,Vp,15.0,20,750.0,20.0,1500.0,1500,1500.0,1.0,40.0,0.25
2120,42800.0,1.6962433,Vp,15.0,20,750.0,20.0,1500.0,1500,1500.0,1.0,40.0,0.25
2121,42810.0,1.6201248,Vp,15.0,20,750.0,20.0,1500.0,1500,1500.0,1.0,40.0,0.25
2122,42820.0,1.5885277,Vp,15.0,20,750.0,20.0,1500.0,1500,1500.0,1.0,40.0,0.25
2123,42830.0,1.5446434,Vp,15.0,20,750.0,20.0,1500.0,1500,1500.0,1.0,40.0,0.25
2124,42840.0,1.4926567,Vp,15.0,20,750.0,20.0,1500.0,1500,1500.0,1.0,40.0,0.25
2125,42850.0,1.4617424,Vp,15.0,20,750.0,20.0,1500.0,1500,1500.0,1.0,40.0,0.25
2126,42860.0,1.4219704,Vp,15.0,20,750.0,20.0,1500.0,1500,1500.0,1.0,40.0,0.25
2127,42870.0,1.3853722,Vp,15.0,20,750.0,20.0,1500.0,1500,1500.0,1.0,40.0,0.25
2128,42880.0,1.3607826,Vp,15.0,20,750.0,20.0,1500.0,1500,1500.0,1.0,40.0,0.25
2129,42890.0,1.3034058,Vp,15.0,20,750.0,20.0,1500.0,1500,1500.0,1.0,40.0,0.25
2130,42900.0,1.2756424,Vp,15.0,20,750.0,20.0,1500.0,1500,1500.0,1.0,40.0,0.25
2131,42910.0,1.2519264,Vp,15.0,20,750.0,20.0,1500.0,1500,1500.0,1.0,40.0,0.25
2132,42920.0,1.1857147,Vp,15.0,20,750.0,20.0,1500.0,1500,1500.0,1.0,40.0,0.25
2133,42930.0,1.087738,Vp,15.0,20,750.0,20.0,1500.0,1500,1500.0,1.0,40.0,0.25
2134,42940.0,1.0290031,Vp,15.0,20,750.0,20.0,1500.0,1500,1500.0,1.0,40.0,0.25
2135,42950.0,0.93759155,Vp,15.0,20,750.0,20.0,1500.0,1500,1500.0,1.0,40.0,0.25
2136,42960.0,0.87260056,Vp,15.0,20,750.0,20.0,1500.0,1500,1500.0,1.0,40.0,0.25
2137,42970.0,0.81742096,Vp,15.0,20,750.0,20.0,1500.0,1500,1500.0,1.0,40.0,0.25
2138,42980.0,0.6673889,Vp,15.0,20,750.0,20.0,1500.0,1500,1500.0,1.0,40.0,0.25
2139,42990.0,0.57375336,Vp,15.0,20,750.0,20.0,1500.0,1500,1500.0,1.0,40.0,0.25
2140,43000.0,0.46315765,Vp,15.0,20,750.0,20.0,1500.0,1500,1500.0,1.0,40.0,0.25
2141,43010.0,0.33782196,Vp,15.0,20,750.0,20.0,1500.0,1500,1500.0,1.0,40.0,0.25
2142,43020.0,0.198349,Vp,15.0,20,750.0,20.0,1500.0,1500,1500.0,1.0,40.0,0.25
2143,43030.0,0.07357025,Vp,15.0,20,750.0,20.0,1500.0,1500,1500.0,1.0,40.0,0.25
2144,43040.0,-0.10216522,Vp,15.0,20,750.0,20.0,1500.0,1500,1500.0,1.0,40.0,0.25
2145,43050.0,-0.06502533,Vp,15.0,20,750.0,20.0,1500.0,1500,1500.0,1.0,40.0,0.25
2146,43060.0,-0.1048584,Vp,15.0,20,750.0,20.0,1500.0,1500,1500.0,1.0,40.0,0.25
2147,43070.0,-0.15512466,Vp,15.0,20,750.0,20.0,1500.0,1500,1500.0,1.0,40.0,0.25
2148,43080.0,-0.24540329,Vp,15.0,20,750.0,20.0,1500.0,1500,1500.0,1.0,40.0,0.25
2149,43090.0,-0.20040894,Vp,15.0,20,750.0,20.0,1500.0,1500,1500.0,1.0,40.0,0.25
2150,43100.0,-0.19083786,Vp,15.0,20,750.0,20.0,1500.0,1500,1500.0,1.0,40.0,0.25
2151,43110.0,-0.19556808,Vp,15.0,20,750.0,20.0,1500.0,1500,1500.0,1.0,40.0,0.25
2152,43120.0,-0.22573853,Vp,15.0,20,750.0,20.0,1500.0,1500,1500.0,1.0,40.0,0.25
2153,43130.0,-0.28019333,Vp,15.0,20,750.0,20.0,1500.0,1500,1500.0,1.0,40.0,0.25
2154,43140.0,-0.2870674,Vp,15.0,20,750.0,20.0,1500.0,1500,1500.0,1.0,40.0,0.25
2155,43150.0,-0.20608902,Vp,15.0,20,750.0,20.0,1500.0,1500,1500.0,1.0,40.0,0.25
2156,43160.0,-0.30340576,Vp,15.0,20,750.0,20.0,1500.0,1500,1500.0,1.0,40.0,0.25
2157,43170.0,-0.5509262,Vp,15.0,20,750.0,20.0,1500.0,1500,1500.0,1.0,40.0,0.25
2158,43180.0,-0.12265015,Vp,15.0,20,750.0,20.0,1500.0,1500,1500.0,1.0,40.0,0.25
2159,43190.0,0.1393776,Vp,15.0,20,750.0,20.0,1500.0,1500,1500.0,1.0,40.0,0.25
2160,43200.0,-0.05381012,Vp,15.0,20,750.0,20.0,1500.0,1500,1500.0,1.0,40.0,0.25
2161,43210.0,-0.34714127,Vp,15.0,20,750.0,20.0,1500.0,1500,1500.0,1.0,40.0,0.25
2162,43220.0,-0.48677444,Vp,15.0,20,750.0,20.0,1500.0,1500,1500.0,1.0,40.0,0.25
2163,43230.0,-0.083301544,Vp,15.0,20,750.0,20.0,1500.0,1500,1500.0,1.0,40.0,0.25
2164,43240.0,-0.16765213,Vp,15.0,20,750.0,20.0,1500.0,1500,1500.0,1.0,40.0,0.25
2165,43250.0,-0.2915039,Vp,15.0,20,750.0,20.0,1500.0,1500,1500.0,1.0,40.0,0.25
2166,43260.0,-0.30953598,Vp,15.0,20,750.0,20.0,1500.0,1500,1500.0,1.0,40.0,0.25
2167,43270.0,-0.36766434,Vp,15.0,20,750.0,20.0,1500.0,1500,1500.0,1.0,40.0,0.25
2168,43280.0,-0.32703018,Vp,15.0,20,750.0,20.0,1500.0,1500,1500.0,1.0,40.0,0.25
2169,43290.0,-0.34735107,Vp,15.0,20,750.0,20.0,1500.0,1500,1500.0,1.0,40.0,0.25
2170,43300.0,-0.3182373,Vp,15.0,20,750.0,20.0,1500.0,1500,1500.0,1.0,40.0,0.25
2171,43310.0,-0.21725082,Vp,15.0,20,750.0,20.0,1500.0,1500,1500.0,1.0,40.0,0.25
2172,43320.0,-0.14134216,Vp,15.0,20,750.0,20.0,1500.0,1500,1500.0,1.0,40.0,0.25
2173,43330.0,-0.11932373,Vp,15.0,20,750.0,20.0,1500.0,1500,1500.0,1.0,40.0,0.25
2174,43340.0,-0.26425934,Vp,15.0,20,750.0,20.0,1500.0,1500,1500.0,1.0,40.0,0.25
2175,43350.0,-0.30890656,Vp,15.0,20,750.0,20.0,1500.0,1500,1500.0,1.0,40.0,0.25
2176,43360.0,-0.34376526,Vp,15.0,20,750.0,20.0,1500.0,1500,1500.0,1.0,40.0,0.25
2177,43370.0,-0.1688652,Vp,15.0,20,750.0,20.0,1500.0,1500,1500.0,1.0,40.0,0.25
2178,43380.0,-0.13576889,Vp,15.0,20,750.0,20.0,1500.0,1500,1500.0,1.0,40.0,0.25
2179,43390.0,-0.288826,Vp,15.0,20,750.0,20.0,1500.0,1500,1500.0,1.0,40.0,0.25
2180,43400.0,-0.15895844,Vp,15.0,20,750.0,20.0,1500.0,1500,1500.0,1.0,40.0,0.25
2181,43410.0,-0.025489807,Vp,15.0,20,750.0,20.0,1500.0,1500,1500.0,1.0,40.0,0.25
2182,43420.0,-0.2931671,Vp,15.0,20,750.0,20.0,1500.0,1500,1500.0,1.0,40.0,0.25
2183,43430.0,-0.5175514,Vp,15.0,20,750.0,20.0,1500.0,1500,1500.0,1.0,40.0,0.25
2184,43440.0,-0.102134705,Vp,15.0,20,750.0,20.0,1500.0,1500,1500.0,1.0,40.0,0.25
2185,43450.0,-0.29417038,Vp,15.0,20,750.0,20.0,1500.0,1500,1500.0,1.0,40.0,0.25
2186,43460.0,-0.3734169,Vp,15.0,20,750.0,20.0,1500.0,1500,1500.0,1.0,40.0,0.25
2187,43470.0,-0.3795128,Vp,15.0,20,750.0,20.0,1500.0,1500,1500.0,1.0,40.0,0.25
2188,43480.0,-0.12041092,Vp,15.0,20,750.0,20.0,1500.0,1500,1500.0,1.0,40.0,0.25
2189,43490.0,-0.34845734,Vp,15.0,20,750.0,20.0,1500.0,1500,1500.0,1.0,40.0,0.25
2190,43500.0,-0.26245117,Vp,15.0,20,750.0,20.0,1500.0,1500,1500.0,1.0,40.0,0.25
2191,43510.0,-0.07078934,Vp,15.0,20,750.0,20.0,1500.0,1500,1500.0,1.0,40.0,0.25
2192,43520.0,-0.31502533,Vp,15.0,20,750.0,20.0,1500.0,1500,1500.0,1.0,40.0,0.25
2193,43530.0,-0.4879799,Vp,15.0,20,750.0,20.0,1500.0,1500,1500.0,1.0,40.0,0.25
2194,43540.0,-0.09137726,Vp,15.0,20,750.0,20.0,1500.0,1500,1500.0,1.0,40.0,0.25
2195,43550.0,-0.2234497,Vp,15.0,20,750.0,20.0,1500.0,1500,1500.0,1.0,40.0,0.25
2196,43560.0,-0.22767639,Vp,15.0,20,750.0,20.0,1500.0,1500,1500.0,1.0,40.0,0.25
2197,43570.0,-0.23226166,Vp,15.0,20,750.0,20.0,1500.0,1500,1500.0,1.0,40.0,0.25
2198,43580.0,-0.31721878,Vp,15.0,20,750.0,20.0,1500.0,1500,1500.0,1.0,40.0,0.25
2199,43590.0,-0.21165085,Vp,15.0,20,750.0,20.0,1500.0,1500,1500.0,1.0,40.0,0.25
2200,43600.0,0.049365997,Vp,15.0,20,750.0,20.0,1500.0,1500,1500.0,1.0,40.0,0.25
2201,43610.0,-0.2857895,Vp,15.0,20,750.0,20.0,1500.0,1500,1500.0,1.0,40.0,0.25
2202,43620.0,-0.51130295,Vp,15.0,20,750.0,20.0,1500.0,1500,1500.0,1.0,40.0,0.25
2203,43630.0,-0.15212631,Vp,15.0,20,750.0,20.0,1500.0,1500,1500.0,1.0,40.0,0.25
2204,43640.0,-0.13236618,Vp,15.0,20,750.0,20.0,1500.0,1500,1500.0,1.0,40.0,0.25
2205,43650.0,-0.3849373,Vp,15.0,20,750.0,20.0,1500.0,1500,1500.0,1.0,40.0,0.25
2206,43660.0,-0.49690628,Vp,15.0,20,750.0,20.0,1500.0,1500,1500.0,1.0,40.0,0.25
2207,43670.0,-0.28157043,Vp,15.0,20,750.0,20.0,1500.0,1500,1500.0,1.0,40.0,0.25
2208,43680.0,-0.41987228,Vp,15.0,20,750.0,20.0,1500.0,1500,1500.0,1.0,40.0,0.25
2209,43690.0,-0.3496666,Vp,15.0,20,750.0,20.0,1500.0,1500,1500.0,1.0,40.0,0.25
2210,43700.0,-0.24433517,Vp,15.0,20,750.0,20.0,1500.0,1500,1500.0,1.0,40.0,0.25
2211,43710.0,-0.17686844,Vp,15.0,20,750.0,20.0,1500.0,1500,1500.0,1.0,40.0,0.25
2212,43720.0,-0.3468399,Vp,15.0,20,750.0,20.0,1500.0,1500,1500.0,1.0,40.0,0.25
2213,43730.0,-0.35702133,Vp,15.0,20,750.0,20.0,1500.0,1500,1500.0,1.0,40.0,0.25
2214,43740.0,-0.3734932,Vp,15.0,20,750.0,20.0,1500.0,1500,1500.0,1.0,40.0,0.25
2215,43750.0,-0.285244,Vp,15.0,20,750.0,20.0,1500.0,1500,1500.0,1.0,40.0,0.25
2216,43760.0,-0.43938828,Vp,15.0,20,750.0,20.0,1500.0,1500,1500.0,1.0,40.0,0.25
2217,43770.0,-0.21380234,Vp,15.0,20,750.0,20.0,1500.0,1500,1500.0,1.0,40.0,0.25
2218,43780.0,-0.26103973,Vp,15.0,20,750.0,20.0,1500.0,1500,1500.0,1.0,40.0,0.25
2219,43790.0,-0.44262695,Vp,15.0,20,750.0,20.0,1500.0,1500,1500.0,1.0,40.0,0.25
2220,43800.0,-0.34711456,Vp,15.0,20,750.0,20.0,1500.0,1500,1500.0,1.0,40.0,0.25
2221,43810.0,-0.4207878,Vp,15.0,20,750.0,20.0,1500.0,1500,1500.0,1.0,40.0,0.25
2222,43820.0,-0.37042618,Vp,15.0,20,750.0,20.0,1500.0,1500,1500.0,1.0,40.0,0.25
2223,43830.0,-0.3946724,Vp,15.0,20,750.0,20.0,1500.0,1500,1500.0,1.0,40.0,0.25
2224,43840.0,-0.40421295,Vp,15.0,20,750.0,20.0,1500.0,1500,1500.0,1.0,40.0,0.25
2225,43850.0,-0.2705536,Vp,15.0,20,750.0,20.0,1500.0,1500,1500.0,1.0,40.0,0.25
2226,43860.0,0.05463028,Vp,15.0,20,750.0,20.0,1500.0,1500,1500.0,1.0,40.0,0.25
2227,43870.0,-0.4984932,Vp,15.0,20,750.0,20.0,1500.0,1500,1500.0,1.0,40.0,0.25
2228,43880.0,-0.38955688,Vp,15.0,20,750.0,20.0,1500.0,1500,1500.0,1.0,40.0,0.25
2229,43890.0,-0.08295822,Vp,15.0,20,750.0,20.0,1500.0,1500,1500.0,1.0,40.0,0.25
2230,43900.0,-0.4378662,Vp,15.0,20,750.0,20.0,1500.0,1500,1500.0,1.0,40.0,0.25
2231,43910.0,-0.45991898,Vp,15.0,20,750.0,20.0,1500.0,1500,1500.0,1.0,40.0,0.25
2232,43920.0,-0.0658226,Vp,15.0,20,750.0,20.0,1500.0,1500,1500.0,1.0,40.0,0.25
2233,43930.0,-0.031909943,Vp,15.0,20,750.0,20.0,1500.0,1500,1500.0,1.0,40.0,0.25
2234,43940.0,-0.5215111,Vp,15.0,20,750.0,20.0,1500.0,1500,1500.0,1.0,40.0,0.25
2235,43950.0,-0.21721649,Vp,15.0,20,750.0,20.0,1500.0,1500,1500.0,1.0,40.0,0.25
2236,43960.0,-0.16110611,Vp,15.0,20,750.0,20.0,1500.0,1500,1500.0,1.0,40.0,0.25
2237,43970.0,-0.40231705,Vp,15.0,20,750.0,20.0,1500.0,1500,1500.0,1.0,40.0,0.25
2238,43980.0,-0.5572319,Vp,15.0,20,750.0,20.0,1500.0,1500,1500.0,1.0,40.0,0.25
2239,43990.0,-0.43818665,Vp,15.0,20,750.0,20.0,1500.0,1500,1500.0,1.0,40.0,0.25
2240,44000.0,-0.23991394,Vp,15.0,20,750.0,20.0,1500.0,1500,1500.0,1.0,40.0,0.25
2241,44010.0,-0.2934227,Vp,15.0,20,750.0,20.0,1500.0,1500,1500.0,1.0,40.0,0.25
2242,44020.0,-0.36709213,Vp,15.0,20,750.0,20.0,1500.0,1500,1500.0,1.0,40.0,0.25
2243,44030.0,-0.4086151,Vp,15.0,20,750.0,20.0,1500.0,1500,1500.0,1.0,40.0,0.25
2244,44040.0,-0.23825455,Vp,15.0,20,750.0,20.0,1500.0,1500,1500.0,1.0,40.0,0.25
2245,44050.0,-0.28646088,Vp,15.0,20,750.0,20.0,1500.0,1500,1500.0,1.0,40.0,0.25
2246,44060.0,-0.50432587,Vp,15.0,20,750.0,20.0,1500.0,1500,1500.0,1.0,40.0,0.25
2247,44070.0,-0.52194595,Vp,15.0,20,750.0,20.0,1500.0,1500,1500.0,1.0,40.0,0.25
2248,44080.0,-0.12173462,Vp,15.0,20,750.0,20.0,1500.0,1500,1500.0,1.0,40.0,0.25
2249,44090.0,-0.22657776,Vp,15.0,20,750.0,20.0,1500.0,1500,1500.0,1.0,40.0,0.25
2250,44100.0,-0.58504486,Vp,15.0,20,750.0,20.0,1500.0,1500,1500.0,1.0,40.0,0.25
2251,44110.0,-0.3834381,Vp,15.0,20,750.0,20.0,1500.0,1500,1500.0,1.0,40.0,0.25
2252,44120.0,-0.15351486,Vp,15.0,20,750.0,20.0,1500.0,1500,1500.0,1.0,40.0,0.25
2253,44130.0,-0.4320221,Vp,15.0,20,750.0,20.0,1500.0,1500,1500.0,1.0,40.0,0.25
2254,44140.0,-0.37618637,Vp,15.0,20,750.0,20.0,1500.0,1500,1500.0,1.0,40.0,0.25
2255,44150.0,-0.35569382,Vp,15.0,20,750.0,20.0,1500.0,1500,1500.0,1.0,40.0,0.25
2256,44160.0,-0.53595734,Vp,15.0,20,750.0,20.0,1500.0,1500,1500.0,1.0,40.0,0.25
2257,44170.0,-0.20096588,Vp,15.0,20,750.0,20.0,1500.0,1500,1500.0,1.0,40.0,0.25
2258,44180.0,-0.2673416,Vp,15.0,20,750.0,20.0,1500.0,1500,1500.0,1.0,40.0,0.25
2259,44190.0,-0.33338928,Vp,15.0,20,750.0,20.0,1500.0,1500,1500.0,1.0,40.0,0.25
2260,45910.0,-0.31442642,Vp,15.0,20,750.0,20.0,1500.0,1500,1500.0,1.0,40.0,0.25
2261,45920.0,-0.26478958,Vp,15.0,20,750.0,20.0,1500.0,1500,1500.0,1.0,40.0,0.25
2262,45930.0,-0.45072556,Vp,15.0,20,750.0,20.0,1500.0,1500,1500.0,1.0,40.0,0.25
2263,45940.0,-0.49643326,Vp,15.0,20,750.0,20.0,1500.0,1500,1500.0,1.0,40.0,0.25
2264,45950.0,-0.2051773,Vp,15.0,20,750.0,20.0,1500.0,1500,1500.0,1.0,40.0,0.25
2265,45960.0,-0.31204224,Vp,15.0,20,750.0,20.0,1500.0,1500,1500.0,1.0,40.0,0.25
2266,45970.0,-0.6867485,Vp,15.0,20,750.0,20.0,1500.0,1500,1500.0,1.0,40.0,0.25
2267,45980.0,-0.2914276,Vp,15.0,20,750.0,20.0,1500.0,1500,1500.0,1.0,40.0,0.25
2268,45990.0,-0.07307434,Vp,15.0,20,750.0,20.0,1500.0,1500,1500.0,1.0,40.0,0.25
2269,46000.0,-0.30329514,Vp,15.0,20,750.0,20.0,1500.0,1500,1500.0,1.0,40.0,0.25
2270,46010.0,-0.36502457,Vp,15.0,20,750.0,20.0,1500.0,1500,1500.0,1.0,40.0,0.25
2271,46020.0,-0.3128929,Vp,15.0,20,750.0,20.0,1500.0,1500,1500.0,1.0,40.0,0.25
2272,46030.0,-0.5122528,Vp,15.0,20,750.0,20.0,1500.0,1500,1500.0,1.0,40.0,0.25
2273,46040.0,-0.37931442,Vp,15.0,20,750.0,20.0,1500.0,1500,1500.0,1.0,40.0,0.25
2274,46050.0,-0.34088135,Vp,15.0,20,750.0,20.0,1500.0,1500,1500.0,1.0,40.0,0.25
2275,46060.0,-0.6484413,Vp,15.0,20,750.0,20.0,1500.0,1500,1500.0,1.0,40.0,0.25
2276,46070.0,-0.64933777,Vp,15.0,20,750.0,20.0,1500.0,1500,1500.0,1.0,40.0,0.25
2277,46080.0,-0.080703735,Vp,15.0,20,750.0,20.0,1500.0,1500,1500.0,1.0,40.0,0.25
2278,46090.0,-0.18756104,Vp,15.0,20,750.0,20.0,1500.0,1500,1500.0,1.0,40.0,0.25
2279,46100.0,-0.6008644,Vp,15.0,20,750.0,20.0,1500.0,1500,1500.0,1.0,40.0,0.25
2280,46110.0,-0.52279663,Vp,15.0,20,750.0,20.0,1500.0,1500,1500.0,1.0,40.0,0.25
2281,46120.0,-0.37776184,Vp,15.0,20,750.0,20.0,1500.0,1500,1500.0,1.0,40.0,0.25
2282,46130.0,-0.25891495,Vp,15.0,20,750.0,20.0,1500.0,1500,1500.0,1.0,40.0,0.25
2283,46140.0,-0.256279,Vp,15.0,20,750.0,20.0,1500.0,1500,1500.0,1.0,40.0,0.25
2284,46150.0,-0.41742706,Vp,15.0,20,750.0,20.0,1500.0,1500,1500.0,1.0,40.0,0.25
2285,46160.0,-0.52158356,Vp,15.0,20,750.0,20.0,1500.0,1500,1500.0,1.0,40.0,0.25
2286,46170.0,-0.519001,Vp,15.0,20,750.0,20.0,1500.0,1500,1500.0,1.0,40.0,0.25
2287,46180.0,-0.34467697,Vp,15.0,20,750.0,20.0,1500.0,1500,1500.0,1.0,40.0,0.25
2288,46190.0,-0.34553528,Vp,15.0,20,750.0,20.0,1500.0,1500,1500.0,1.0,40.0,0.25
2289,46200.0,-0.38108063,Vp,15.0,20,750.0,20.0,1500.0,1500,1500.0,1.0,40.0,0.25
2290,46210.0,-0.554409,Vp,15.0,20,750.0,20.0,1500.0,1500,1500.0,1.0,40.0,0.25
2291,46220.0,-0.27562714,Vp,15.0,20,750.0,20.0,1500.0,1500,1500.0,1.0,40.0,0.25
2292,46230.0,-0.28962326,Vp,15.0,20,750.0,20.0,1500.0,1500,1500.0,1.0,40.0,0.25
2293,46240.0,-0.3371582,Vp,15.0,20,750.0,20.0,1500.0,1500,1500.0,1.0,40.0,0.25
2294,46250.0,-0.39383698,Vp,15.0,20,750.0,20.0,1500.0,1500,1500.0,1.0,40.0,0.25
2295,46260.0,-0.43956757,Vp,15.0,20,750.0,20.0,1500.0,1500,1500.0,1.0,40.0,0.25
2296,46270.0,-0.39291763,Vp,15.0,20,750.0,20.0,1500.0,1500,1500.0,1.0,40.0,0.25
2297,46280.0,-0.3283081,Vp,15.0,20,750.0,20.0,1500.0,1500,1500.0,1.0,40.0,0.25
2298,46290.0,-0.5408554,Vp,15.0,20,750.0,20.0,1500.0,1500,1500.0,1.0,40.0,0.25
2299,46300.0,-0.5772896,Vp,15.0,20,750.0,20.0,1500.0,1500,1500.0,1.0,40.0,0.25
2300,46310.0,-0.20399094,Vp,15.0,20,750.0,20.0,1500.0,1500,1500.0,1.0,40.0,0.25
2301,46320.0,-0.3245163,Vp,15.0,20,750.0,20.0,1500.0,1500,1500.0,1.0,40.0,0.25
2302,46330.0,-0.3651352,Vp,15.0,20,750.0,20.0,1500.0,1500,1500.0,1.0,40.0,0.25
2303,46340.0,-0.5441551,Vp,15.0,20,750.0,20.0,1500.0,1500,1500.0,1.0,40.0,0.25
2304,46350.0,-0.70700455,Vp,15.0,20,750.0,20.0,1500.0,1500,1500.0,1.0,40.0,0.25
2305,46360.0,-0.36582184,Vp,15.0,20,750.0,20.0,1500.0,1500,1500.0,1.0,40.0,0.25
2306,46370.0,-0.17207718,Vp,15.0,20,750.0,20.0,1500.0,1500,1500.0,1.0,40.0,0.25
2307,46380.0,-0.3538437,Vp,15.0,20,750.0,20.0,1500.0,1500,1500.0,1.0,40.0,0.25
2308,46390.0,-0.5643196,Vp,15.0,20,750.0,20.0,1500.0,1500,1500.0,1.0,40.0,0.25
2309,46400.0,-0.12471008,Vp,15.0,20,750.0,20.0,1500.0,1500,1500.0,1.0,40.0,0.25
2310,46410.0,-0.024440765,Vp,15.0,20,750.0,20.0,1500.0,1500,1500.0,1.0,40.0,0.25
2311,46420.0,-0.36873627,Vp,15.0,20,750.0,20.0,1500.0,1500,1500.0,1.0,40.0,0.25
2312,46430.0,-0.69244385,Vp,15.0,20,750.0,20.0,1500.0,1500,1500.0,1.0,40.0,0.25
2313,46440.0,-0.50060654,Vp,15.0,20,750.0,20.0,1500.0,1500,1500.0,1.0,40.0,0.25
2314,46450.0,-0.36238098,Vp,15.0,20,750.0,20.0,1500.0,1500,1500.0,1.0,40.0,0.25
2315,46460.0,-0.19971466,Vp,15.0,20,750.0,20.0,1500.0,1500,1500.0,1.0,40.0,0.25
2316,46470.0,-0.3553276,Vp,15.0,20,750.0,20.0,1500.0,1500,1500.0,1.0,40.0,0.25
2317,46480.0,-0.3010521,Vp,15.0,20,750.0,20.0,1500.0,1500,1500.0,1.0,40.0,0.25
2318,46490.0,-0.39496613,Vp,15.0,20,750.0,20.0,1500.0,1500,1500.0,1.0,40.0,0.25
2319,46500.0,-0.2638855,Vp,15.0,20,750.0,20.0,1500.0,1500,1500.0,1.0,40.0,0.25
2320,46510.0,-0.44667053,Vp,15.0,20,750.0,20.0,1500.0,1500,1500.0,1.0,40.0,0.25
2321,46520.0,-0.49500656,Vp,15.0,20,750.0,20.0,1500.0,1500,1500.0,1.0,40.0,0.25
2322,46530.0,-0.3919716,Vp,15.0,20,750.0,20.0,1500.0,1500,1500.0,1.0,40.0,0.25
2323,46540.0,-0.37025833,Vp,15.0,20,750.0,20.0,1500.0,1500,1500.0,1.0,40.0,0.25
2324,46550.0,-0.3684082,Vp,15.0,20,750.0,20.0,1500.0,1500,1500.0,1.0,40.0,0.25
2325,46560.0,-0.23056793,Vp,15.0,20,750.0,20.0,1500.0,1500,1500.0,1.0,40.0,0.25
2326,46570.0,-0.36471176,Vp,15.0,20,750.0,20.0,1500.0,1500,1500.0,1.0,40.0,0.25
2327,46580.0,-0.32507706,Vp,15.0,20,750.0,20.0,1500.0,1500,1500.0,1.0,40.0,0.25
2328,46590.0,-0.35840225,Vp,15.0,20,750.0,20.0,1500.0,1500,1500.0,1.0,40.0,0.25
2329,46600.0,-0.535202,Vp,15.0,20,750.0,20.0,1500.0,1500,1500.0,1.0,40.0,0.25
2330,46610.0,-0.48054504,Vp,15.0,20,750.0,20.0,1500.0,1500,1500.0,1.0,40.0,0.25
2331,46620.0,-0.4438057,Vp,15.0,20,750.0,20.0,1500.0,1500,1500.0,1.0,40.0,0.25
2332,46630.0,-0.3794365,Vp,15.0,20,750.0,20.0,1500.0,1500,1500.0,1.0,40.0,0.25
2333,46640.0,-0.57229996,Vp,15.0,20,750.0,20.0,1500.0,1500,1500.0,1.0,40.0,0.25
2334,46650.0,-0.28146362,Vp,15.0,20,750.0,20.0,1500.0,1500,1500.0,1.0,40.0,0.25
2335,46660.0,-0.16844559,Vp,15.0,20,750.0,20.0,1500.0,1500,1500.0,1.0,40.0,0.25
2336,46670.0,4.777504,Vp,15.0,20,750.0,20.0,1500.0,1500,1500.0,1.0,40.0,0.25
2337,46680.0,6.5712204,Vp,15.0,20,750.0,20.0,1500.0,1500,1500.0,1.0,40.0,0.25
2338,46690.0,5.6848373,Vp,15.0,20,750.0,20.0,1500.0,1500,1500.0,1.0,40.0,0.25
2339,46700.0,4.38826,Vp,15.0,20,750.0,20.0,1500.0,1500,1500.0,1.0,40.0,0.25
2340,46710.0,3.429016,Vp,15.0,20,750.0,20.0,1500.0,1500,1500.0,1.0,40.0,0.25
2341,46720.0,2.7664604,Vp,15.0,20,750.0,20.0,1500.0,1500,1500.0,1.0,40.0,0.25
2342,46730.0,2.3149338,Vp,15.0,20,750.0,20.0,1500.0,1500,1500.0,1.0,40.0,0.25
2343,46740.0,2.0337715,Vp,15.0,20,750.0,20.0,1500.0,1500,1500.0,1.0,40.0,0.25
2344,46750.0,1.8838806,Vp,15.0,20,750.0,20.0,1500.0,1500,1500.0,1.0,40.0,0.25
2345,46760.0,1.7283325,Vp,15.0,20,750.0,20.0,1500.0,1500,1500.0,1.0,40.0,0.25
2346,46770.0,1.6467743,Vp,15.0,20,750.0,20.0,1500.0,1500,1500.0,1.0,40.0,0.25
2347,46780.0,1.5737419,Vp,15.0,20,750.0,20.0,1500.0,1500,1500.0,1.0,40.0,0.25
2348,46790.0,1.5057068,Vp,15.0,20,750.0,20.0,1500.0,1500,1500.0,1.0,40.0,0.25
2349,46800.0,1.4958115,Vp,15.0,20,750.0,20.0,1500.0,1500,1500.0,1.0,40.0,0.25
2350,46810.0,1.4688606,Vp,15.0,20,750.0,20.0,1500.0,1500,1500.0,1.0,40.0,0.25
2351,46820.0,1.413681,Vp,15.0,20,750.0,20.0,1500.0,1500,1500.0,1.0,40.0,0.25
2352,46830.0,1.3985176,Vp,15.0,20,750.0,20.0,1500.0,1500,1500.0,1.0,40.0,0.25
2353,46840.0,1.3464241,Vp,15.0,20,750.0,20.0,1500.0,1500,1500.0,1.0,40.0,0.25
2354,46850.0,1.2967453,Vp,15.0,20,750.0,20.0,1500.0,1500,1500.0,1.0,40.0,0.25
2355,46860.0,1.2345505,Vp,15.0,20,750.0,20.0,1500.0,1500,1500.0,1.0,40.0,0.25
2356,46870.0,1.2235641,Vp,15.0,20,750.0,20.0,1500.0,1500,1500.0,1.0,40.0,0.25
2357,46880.0,1.1841469,Vp,15.0,20,750.0,20.0,1500.0,1500,1500.0,1.0,40.0,0.25
2358,46890.0,1.1198463,Vp,15.0,20,750.0,20.0,1500.0,1500,1500.0,1.0,40.0,0.25
2359,46900.0,1.0492897,Vp,15.0,20,750.0,20.0,1500.0,1500,1500.0,1.0,40.0,0.25
2360,46910.0,0.9993324,Vp,15.0,20,750.0,20.0,1500.0,1500,1500.0,1.0,40.0,0.25
2361,46920.0,0.94984436,Vp,15.0,20,750.0,20.0,1500.0,1500,1500.0,1.0,40.0,0.25
2362,46930.0,0.84490585,Vp,15.0,20,750.0,20.0,1500.0,1500,1500.0,1.0,40.0,0.25
2363,46940.0,0.7187576,Vp,15.0,20,750.0,20.0,1500.0,1500,1500.0,1.0,40.0,0.25
2364,46950.0,0.64762115,Vp,15.0,20,750.0,20.0,1500.0,1500,1500.0,1.0,40.0,0.25
2365,46960.0,0.48414612,Vp,15.0,20,750.0,20.0,1500.0,1500,1500.0,1.0,40.0,0.25
2366,46970.0,0.33118057,Vp,15.0,20,750.0,20.0,1500.0,1500,1500.0,1.0,40.0,0.25
2367,46980.0,0.27393723,Vp,15.0,20,750.0,20.0,1500.0,1500,1500.0,1.0,40.0,0.25
2368,46990.0,0.21640015,Vp,15.0,20,750.0,20.0,1500.0,1500,1500.0,1.0,40.0,0.25
2369,47000.0,0.14276123,Vp,15.0,20,750.0,20.0,1500.0,1500,1500.0,1.0,40.0,0.25
2370,47010.0,0.10494995,Vp,15.0,20,750.0,20.0,1500.0,1500,1500.0,1.0,40.0,0.25
2371,47020.0,0.036174774,Vp,15.0,20,750.0,20.0,1500.0,1500,1500.0,1.0,40.0,0.25
2372,47030.0,-0.15916443,Vp,15.0,20,750.0,20.0,1500.0,1500,1500.0,1.0,40.0,0.25
2373,47040.0,-0.058029175,Vp,15.0,20,750.0,20.0,1500.0,1500,1500.0,1.0,40.0,0.25
2374,47050.0,-0.1472969,Vp,15.0,20,750.0,20.0,1500.0,1500,1500.0,1.0,40.0,0.25
2375,47060.0,-0.2577896,Vp,15.0,20,750.0,20.0,1500.0,1500,1500.0,1.0,40.0,0.25
2376,47070.0,-0.22904587,Vp,15.0,20,750.0,20.0,1500.0,1500,1500.0,1.0,40.0,0.25
2377,47080.0,-0.2481308,Vp,15.0,20,750.0,20.0,1500.0,1500,1500.0,1.0,40.0,0.25
2378,47090.0,-0.2506752,Vp,15.0,20,750.0,20.0,1500.0,1500,1500.0,1.0,40.0,0.25
2379,47100.0,-0.22964478,Vp,15.0,20,750.0,20.0,1500.0,1500,1500.0,1.0,40.0,0.25
2380,47110.0,-0.16648865,Vp,15.0,20,750.0,20.0,1500.0,1500,1500.0,1.0,40.0,0.25
2381,47120.0,-0.264637,Vp,15.0,20,750.0,20.0,1500.0,1500,1500.0,1.0,40.0,0.25
2382,47130.0,-0.3535843,Vp,15.0,20,750.0,20.0,1500.0,1500,1500.0,1.0,40.0,0.25
2383,47140.0,-0.14264679,Vp,15.0,20,750.0,20.0,1500.0,1500,1500.0,1.0,40.0,0.25
2384,47150.0,-0.25743484,Vp,15.0,20,750.0,20.0,1500.0,1500,1500.0,1.0,40.0,0.25
2385,47160.0,-0.23002625,Vp,15.0,20,750.0,20.0,1500.0,1500,1500.0,1.0,40.0,0.25
2386,47170.0,-0.1650734,Vp,15.0,20,750.0,20.0,1500.0,1500,1500.0,1.0,40.0,0.25
2387,47180.0,-0.21819305,Vp,15.0,20,750.0,20.0,1500.0,1500,1500.0,1.0,40.0,0.25
2388,47190.0,-0.21886826,Vp,15.0,20,750.0,20.0,1500.0,1500,1500.0,1.0,40.0,0.25
2389,47200.0,-0.4509697,Vp,15.0,20,750.0,20.0,1500.0,1500,1500.0,1.0,40.0,0.25
2390,47210.0,-0.24917603,Vp,15.0,20,750.0,20.0,1500.0,1500,1500.0,1.0,40.0,0.25
2391,47220.0,-0.039600372,Vp,15.0,20,750.0,20.0,1500.0,1500,1500.0,1.0,40.0,0.25
2392,47230.0,-0.19686127,Vp,15.0,20,750.0,20.0,1500.0,1500,1500.0,1.0,40.0,0.25
2393,47240.0,-0.40156174,Vp,15.0,20,750.0,20.0,1500.0,1500,1500.0,1.0,40.0,0.25
2394,47250.0,-0.38641357,Vp,15.0,20,750.0,20.0,1500.0,1500,1500.0,1.0,40.0,0.25
2395,47260.0,-0.3141861,Vp,15.0,20,750.0,20.0,1500.0,1500,1500.0,1.0,40.0,0.25
2396,47270.0,-0.16378784,Vp,15.0,20,750.0,20.0,1500.0,1500,1500.0,1.0,40.0,0.25
2397,47280.0,-0.045394897,Vp,15.0,20,750.0,20.0,1500.0,1500,1500.0,1.0,40.0,0.25
2398,47290.0,-0.15361786,Vp,15.0,20,750.0,20.0,1500.0,1500,1500.0,1.0,40.0,0.25
2399,47300.0,-0.13969421,Vp,15.0,20,750.0,20.0,1500.0,1500,1500.0,1.0,40.0,0.25
2400,47310.0,-0.31702423,Vp,15.0,20,750.0,20.0,1500.0,1500,1500.0,1.0,40.0,0.25
2401,47320.0,-0.23320389,Vp,15.0,20,750.0,20.0,1500.0,1500,1500.0,1.0,40.0,0.25
2402,47330.0,-0.062892914,Vp,15.0,20,750.0,20.0,1500.0,1500,1500.0,1.0,40.0,0.25
2403,47340.0,-0.26245117,Vp,15.0,20,750.0,20.0,1500.0,1500,1500.0,1.0,40.0,0.25
2404,47350.0,-0.42795944,Vp,15.0,20,750.0,20.0,1500.0,1500,1500.0,1.0,40.0,0.25
2405,47360.0,0.15051651,Vp,15.0,20,750.0,20.0,1500.0,1500,1500.0,1.0,40.0,0.25
2406,47370.0,-0.1820221,Vp,15.0,20,750.0,20.0,1500.0,1500,1500.0,1.0,40.0,0.25
2407,47380.0,-0.122779846,Vp,15.0,20,750.0,20.0,1500.0,1500,1500.0,1.0,40.0,0.25
2408,47390.0,-0.38116455,Vp,15.0,20,750.0,20.0,1500.0,1500,1500.0,1.0,40.0,0.25
2409,47400.0,-0.5324898,Vp,15.0,20,750.0,20.0,1500.0,1500,1500.0,1.0,40.0,0.25
2410,47410.0,-0.24786377,Vp,15.0,20,750.0,20.0,1500.0,1500,1500.0,1.0,40.0,0.25
2411,47420.0,0.14088821,Vp,15.0,20,750.0,20.0,1500.0,1500,1500.0,1.0,40.0,0.25
2412,47430.0,0.06860733,Vp,15.0,20,750.0,20.0,1500.0,1500,1500.0,1.0,40.0,0.25
2413,47440.0,-0.2462883,Vp,15.0,20,750.0,20.0,1500.0,1500,1500.0,1.0,40.0,0.25
2414,47450.0,-0.556221,Vp,15.0,20,750.0,20.0,1500.0,1500,1500.0,1.0,40.0,0.25
2415,47460.0,-0.12746811,Vp,15.0,20,750.0,20.0,1500.0,1500,1500.0,1.0,40.0,0.25
2416,47470.0,-0.15826416,Vp,15.0,20,750.0,20.0,1500.0,1500,1500.0,1.0,40.0,0.25
2417,47480.0,-0.3686447,Vp,15.0,20,750.0,20.0,1500.0,1500,1500.0,1.0,40.0,0.25
2418,47490.0,-0.12986755,Vp,15.0,20,750.0,20.0,1500.0,1500,1500.0,1.0,40.0,0.25
2419,47500.0,-0.17335892,Vp,15.0,20,750.0,20.0,1500.0,1500,1500.0,1.0,40.0,0.25
2420,47510.0,-0.2315445,Vp,15.0,20,750.0,20.0,1500.0,1500,1500.0,1.0,40.0,0.25
2421,47520.0,-0.31162262,Vp,15.0,20,750.0,20.0,1500.0,1500,1500.0,1.0,40.0,0.25
2422,47530.0,-0.2722969,Vp,15.0,20,750.0,20.0,1500.0,1500,1500.0,1.0,40.0,0.25
2423,47540.0,-0.23400116,Vp,15.0,20,750.0,20.0,1500.0,1500,1500.0,1.0,40.0,0.25
2424,47550.0,-0.28164673,Vp,15.0,20,750.0,20.0,1500.0,1500,1500.0,1.0,40.0,0.25
2425,47560.0,-0.23203659,Vp,15.0,20,750.0,20.0,1500.0,1500,1500.0,1.0,40.0,0.25
2426,47570.0,-0.58135223,Vp,15.0,20,750.0,20.0,1500.0,1500,1500.0,1.0,40.0,0.25
2427,47580.0,0.20792007,Vp,15.0,20,750.0,20.0,1500.0,1500,1500.0,1.0,40.0,0.25
2428,47590.0,0.095199585,Vp,15.0,20,750.0,20.0,1500.0,1500,1500.0,1.0,40.0,0.25
2429,47600.0,-0.39988708,Vp,15.0,20,750.0,20.0,1500.0,1500,1500.0,1.0,40.0,0.25
2430,47610.0,-0.3601303,Vp,15.0,20,750.0,20.0,1500.0,1500,1500.0,1.0,40.0,0.25
2431,47620.0,-0.40141296,Vp,15.0,20,750.0,20.0,1500.0,1500,1500.0,1.0,40.0,0.25
2432,47630.0,-0.42757034,Vp,15.0,20,750.0,20.0,1500.0,1500,1500.0,1.0,40.0,0.25
2433,47640.0,-0.37563324,Vp,15.0,20,750.0,20.0,1500.0,1500,1500.0,1.0,40.0,0.25
2434,47650.0,-0.32078934,Vp,15.0,20,750.0,20.0,1500.0,1500,1500.0,1.0,40.0,0.25
2435,47660.0,-0.43231583,Vp,15.0,20,750.0,20.0,1500.0,1500,1500.0,1.0,40.0,0.25
2436,47670.0,-0.3502655,Vp,15.0,20,750.0,20.0,1500.0,1500,1500.0,1.0,40.0,0.25
2437,47680.0,-0.16356277,Vp,15.0,20,750.0,20.0,1500.0,1500,1500.0,1.0,40.0,0.25
2438,47690.0,-0.3195343,Vp,15.0,20,750.0,20.0,1500.0,1500,1500.0,1.0,40.0,0.25
2439,47700.0,-0.34614944,Vp,15.0,20,750.0,20.0,1500.0,1500,1500.0,1.0,40.0,0.25
2440,47710.0,-0.48151398,Vp,15.0,20,750.0,20.0,1500.0,1500,1500.0,1.0,40.0,0.25
2441,47720.0,-0.08994293,Vp,15.0,20,750.0,20.0,1500.0,1500,1500.0,1.0,40.0,0.25
2442,47730.0,-0.22584152,Vp,15.0,20,750.0,20.0,1500.0,1500,1500.0,1.0,40.0,0.25
2443,47740.0,-0.33072662,Vp,15.0,20,750.0,20.0,1500.0,1500,1500.0,1.0,40.0,0.25
2444,47750.0,-0.35837173,Vp,15.0,20,750.0,20.0,1500.0,1500,1500.0,1.0,40.0,0.25
2445,47760.0,-0.1448021,Vp,15.0,20,750.0,20.0,1500.0,1500,1500.0,1.0,40.0,0.25
2446,47770.0,-0.4561653,Vp,15.0,20,750.0,20.0,1500.0,1500,1500.0,1.0,40.0,0.25
2447,47780.0,-0.41493225,Vp,15.0,20,750.0,20.0,1500.0,1500,1500.0,1.0,40.0,0.25
2448,47790.0,-0.10007095,Vp,15.0,20,750.0,20.0,1500.0,1500,1500.0,1.0,40.0,0.25
2449,47800.0,-0.5153465,Vp,15.0,20,750.0,20.0,1500.0,1500,1500.0,1.0,40.0,0.25
2450,47810.0,-0.108371735,Vp,15.0,20,750.0,20.0,1500.0,1500,1500.0,1.0,40.0,0.25
2451,47820.0,-0.19568253,Vp,15.0,20,750.0,20.0,1500.0,1500,1500.0,1.0,40.0,0.25
2452,47830.0,-0.24871826,Vp,15.0,20,750.0,20.0,1500.0,1500,1500.0,1.0,40.0,0.25
2453,47840.0,-0.1772728,Vp,15.0,20,750.0,20.0,1500.0,1500,1500.0,1.0,40.0,0.25
2454,47850.0,-0.062366486,Vp,15.0,20,750.0,20.0,1500.0,1500,1500.0,1.0,40.0,0.25
2455,47860.0,-0.17926025,Vp,15.0,20,750.0,20.0,1500.0,1500,1500.0,1.0,40.0,0.25
2456,47870.0,-0.4153595,Vp,15.0,20,750.0,20.0,1500.0,1500,1500.0,1.0,40.0,0.25
2457,47880.0,-0.5539055,Vp,15.0,20,750.0,20.0,1500.0,1500,1500.0,1.0,40.0,0.25
2458,47890.0,-0.17105865,Vp,15.0,20,750.0,20.0,1500.0,1500,1500.0,1.0,40.0,0.25
2459,47900.0,-0.14424133,Vp,15.0,20,750.0,20.0,1500.0,1500,1500.0,1.0,40.0,0.25
2460,47910.0,-0.4218483,Vp,15.0,20,750.0,20.0,1500.0,1500,1500.0,1.0,40.0,0.25
2461,47920.0,-0.27378845,Vp,15.0,20,750.0,20.0,1500.0,1500,1500.0,1.0,40.0,0.25
2462,47930.0,-0.23651505,Vp,15.0,20,750.0,20.0,1500.0,1500,1500.0,1.0,40.0,0.25
2463,47940.0,-0.5682068,Vp,15.0,20,750.0,20.0,1500.0,1500,1500.0,1.0,40.0,0.25
2464,47950.0,-0.4613762,Vp,15.0,20,750.0,20.0,1500.0,1500,1500.0,1.0,40.0,0.25
2465,47960.0,-0.19834137,Vp,15.0,20,750.0,20.0,1500.0,1500,1500.0,1.0,40.0,0.25
2466,47970.0,-0.023872375,Vp,15.0,20,750.0,20.0,1500.0,1500,1500.0,1.0,40.0,0.25
2467,47980.0,-0.3248062,Vp,15.0,20,750.0,20.0,1500.0,1500,1500.0,1.0,40.0,0.25
2468,47990.0,-0.31848907,Vp,15.0,20,750.0,20.0,1500.0,1500,1500.0,1.0,40.0,0.25
2469,48000.0,-0.37981796,Vp,15.0,20,750.0,20.0,1500.0,1500,1500.0,1.0,40.0,0.25
2470,48010.0,-0.29346085,Vp,15.0,20,750.0,20.0,1500.0,1500,1500.0,1.0,40.0,0.25
2471,48020.0,-0.40330887,Vp,15.0,20,750.0,20.0,1500.0,1500,1500.0,1.0,40.0,0.25
2472,48030.0,-0.30899048,Vp,15.0,20,750.0,20.0,1500.0,1500,1500.0,1.0,40.0,0.25
2473,48040.0,-0.3176918,Vp,15.0,20,750.0,20.0,1500.0,1500,1500.0,1.0,40.0,0.25
2474,48050.0,-0.5030136,Vp,15.0,20,750.0,20.0,1500.0,1500,1500.0,1.0,40.0,0.25
2475,48060.0,-0.2750473,Vp,15.0,20,750.0,20.0,1500.0,1500,1500.0,1.0,40.0,0.25
2476,48070.0,-0.21715927,Vp,15.0,20,750.0,20.0,1500.0,1500,1500.0,1.0,40.0,0.25
2477,48080.0,-0.34801102,Vp,15.0,20,750.0,20.0,1500.0,1500,1500.0,1.0,40.0,0.25
2478,48090.0,-0.52713776,Vp,15.0,20,750.0,20.0,1500.0,1500,1500.0,1.0,40.0,0.25
2479,48100.0,-0.22243118,Vp,15.0,20,750.0,20.0,1500.0,1500,1500.0,1.0,40.0,0.25
2480,48110.0,0.07382202,Vp,15.0,20,750.0,20.0,1500.0,1500,1500.0,1.0,40.0,0.25
2481,48120.0,-0.37055206,Vp,15.0,20,750.0,20.0,1500.0,1500,1500.0,1.0,40.0,0.25
2482,48130.0,-0.60850906,Vp,15.0,20,750.0,20.0,1500.0,1500,1500.0,1.0,40.0,0.25
2483,48140.0,-0.47387695,Vp,15.0,20,750.0,20.0,1500.0,1500,1500.0,1.0,40.0,0.25
2484,48150.0,-0.24394608,Vp,15.0,20,750.0,20.0,1500.0,1500,1500.0,1.0,40.0,0.25
2485,48160.0,-0.09994888,Vp,15.0,20,750.0,20.0,1500.0,1500,1500.0,1.0,40.0,0.25
2486,50680.0,-0.4556389,Vp,15.0,20,750.0,20.0,1500.0,1500,1500.0,1.0,40.0,0.25
2487,50690.0,-0.30385208,Vp,15.0,20,750.0,20.0,1500.0,1500,1500.0,1.0,40.0,0.25
2488,50700.0,-0.29938507,Vp,15.0,20,750.0,20.0,1500.0,1500,1500.0,1.0,40.0,0.25
2489,50710.0,-0.32066727,Vp,15.0,20,750.0,20.0,1500.0,1500,1500.0,1.0,40.0,0.25
2490,50720.0,-0.24538422,Vp,15.0,20,750.0,20.0,1500.0,1500,1500.0,1.0,40.0,0.25
2491,50730.0,-0.4392929,Vp,15.0,20,750.0,20.0,1500.0,1500,1500.0,1.0,40.0,0.25
2492,50740.0,-0.39875793,Vp,15.0,20,750.0,20.0,1500.0,1500,1500.0,1.0,40.0,0.25
2493,50750.0,-0.27532196,Vp,15.0,20,750.0,20.0,1500.0,1500,1500.0,1.0,40.0,0.25
2494,50760.0,-0.3140564,Vp,15.0,20,750.0,20.0,1500.0,1500,1500.0,1.0,40.0,0.25
2495,50770.0,-0.40423203,Vp,15.0,20,750.0,20.0,1500.0,1500,1500.0,1.0,40.0,0.25
2496,50780.0,-0.57564926,Vp,15.0,20,750.0,20.0,1500.0,1500,1500.0,1.0,40.0,0.25
2497,50790.0,-0.36644745,Vp,15.0,20,750.0,20.0,1500.0,1500,1500.0,1.0,40.0,0.25
2498,50800.0,-0.26176453,Vp,15.0,20,750.0,20.0,1500.0,1500,1500.0,1.0,40.0,0.25
2499,50810.0,-0.26794815,Vp,15.0,20,750.0,20.0,1500.0,1500,1500.0,1.0,40.0,0.25
2500,50820.0,-0.4709053,Vp,15.0,20,750.0,20.0,1500.0,1500,1500.0,1.0,40.0,0.25
2501,50830.0,-0.6681824,Vp,15.0,20,750.0,20.0,1500.0,1500,1500.0,1.0,40.0,0.25
2502,50840.0,-0.404171,Vp,15.0,20,750.0,20.0,1500.0,1500,1500.0,1.0,40.0,0.25
2503,50850.0,-0.10333252,Vp,15.0,20,750.0,20.0,1500.0,1500,1500.0,1.0,40.0,0.25
2504,50860.0,-0.5312576,Vp,15.0,20,750.0,20.0,1500.0,1500,1500.0,1.0,40.0,0.25
2505,50870.0,-0.6132889,Vp,15.0,20,750.0,20.0,1500.0,1500,1500.0,1.0,40.0,0.25
2506,50880.0,-0.3574257,Vp,15.0,20,750.0,20.0,1500.0,1500,1500.0,1.0,40.0,0.25
2507,50890.0,-0.41288376,Vp,15.0,20,750.0,20.0,1500.0,1500,1500.0,1.0,40.0,0.25
2508,50900.0,-0.64662933,Vp,15.0,20,750.0,20.0,1500.0,1500,1500.0,1.0,40.0,0.25
2509,50910.0,-0.5168381,Vp,15.0,20,750.0,20.0,1500.0,1500,1500.0,1.0,40.0,0.25
2510,50920.0,-0.22077942,Vp,15.0,20,750.0,20.0,1500.0,1500,1500.0,1.0,40.0,0.25
2511,50930.0,-0.38184357,Vp,15.0,20,750.0,20.0,1500.0,1500,1500.0,1.0,40.0,0.25
2512,50940.0,-0.87841034,Vp,15.0,20,750.0,20.0,1500.0,1500,1500.0,1.0,40.0,0.25
2513,50950.0,-0.307518,Vp,15.0,20,750.0,20.0,1500.0,1500,1500.0,1.0,40.0,0.25
2514,50960.0,-0.15647888,Vp,15.0,20,750.0,20.0,1500.0,1500,1500.0,1.0,40.0,0.25
2515,50970.0,-0.3702774,Vp,15.0,20,750.0,20.0,1500.0,1500,1500.0,1.0,40.0,0.25
2516,50980.0,-0.2578392,Vp,15.0,20,750.0,20.0,1500.0,1500,1500.0,1.0,40.0,0.25
2517,50990.0,-0.27111435,Vp,15.0,20,750.0,20.0,1500.0,1500,1500.0,1.0,40.0,0.25
2518,51000.0,-0.5692024,Vp,15.0,20,750.0,20.0,1500.0,1500,1500.0,1.0,40.0,0.25
2519,51010.0,-0.35668182,Vp,15.0,20,750.0,20.0,1500.0,1500,1500.0,1.0,40.0,0.25
2520,51020.0,-0.2988968,Vp,15.0,20,750.0,20.0,1500.0,1500,1500.0,1.0,40.0,0.25
2521,51030.0,-0.5467415,Vp,15.0,20,750.0,20.0,1500.0,1500,1500.0,1.0,40.0,0.25
2522,51040.0,-0.458313,Vp,15.0,20,750.0,20.0,1500.0,1500,1500.0,1.0,40.0,0.25
2523,51050.0,-0.4882164,Vp,15.0,20,750.0,20.0,1500.0,1500,1500.0,1.0,40.0,0.25
2524,51060.0,-0.45894623,Vp,15.0,20,750.0,20.0,1500.0,1500,1500.0,1.0,40.0,0.25
2525,51070.0,-0.51029587,Vp,15.0,20,750.0,20.0,1500.0,1500,1500.0,1.0,40.0,0.25
2526,51080.0,-0.42907333,Vp,15.0,20,750.0,20.0,1500.0,1500,1500.0,1.0,40.0,0.25
2527,51090.0,-0.41567993,Vp,15.0,20,750.0,20.0,1500.0,1500,1500.0,1.0,40.0,0.25
2528,51100.0,-0.3963623,Vp,15.0,20,750.0,20.0,1500.0,1500,1500.0,1.0,40.0,0.25
2529,51110.0,-0.13623047,Vp,15.0,20,750.0,20.0,1500.0,1500,1500.0,1.0,40.0,0.25
2530,51120.0,-0.31249237,Vp,15.0,20,750.0,20.0,1500.0,1500,1500.0,1.0,40.0,0.25
2531,51130.0,-0.33561707,Vp,15.0,20,750.0,20.0,1500.0,1500,1500.0,1.0,40.0,0.25
2532,51140.0,-0.42277527,Vp,15.0,20,750.0,20.0,1500.0,1500,1500.0,1.0,40.0,0.25
2533,51150.0,-0.417202,Vp,15.0,20,750.0,20.0,1500.0,1500,1500.0,1.0,40.0,0.25
2534,51160.0,-0.17840576,Vp,15.0,20,750.0,20.0,1500.0,1500,1500.0,1.0,40.0,0.25
2535,51170.0,-0.37423325,Vp,15.0,20,750.0,20.0,1500.0,1500,1500.0,1.0,40.0,0.25
2536,51180.0,-0.537735,Vp,15.0,20,750.0,20.0,1500.0,1500,1500.0,1.0,40.0,0.25
2537,51190.0,-0.4429474,Vp,15.0,20,750.0,20.0,1500.0,1500,1500.0,1.0,40.0,0.25
2538,51200.0,-0.35113144,Vp,15.0,20,750.0,20.0,1500.0,1500,1500.0,1.0,40.0,0.25
2539,51210.0,-0.5260658,Vp,15.0,20,750.0,20.0,1500.0,1500,1500.0,1.0,40.0,0.25
2540,51220.0,-0.6034241,Vp,15.0,20,750.0,20.0,1500.0,1500,1500.0,1.0,40.0,0.25
2541,51230.0,-0.4104805,Vp,15.0,20,750.0,20.0,1500.0,1500,1500.0,1.0,40.0,0.25
2542,51240.0,-0.22359848,Vp,15.0,20,750.0,20.0,1500.0,1500,1500.0,1.0,40.0,0.25
2543,51250.0,-0.623703,Vp,15.0,20,750.0,20.0,1500.0,1500,1500.0,1.0,40.0,0.25
2544,51260.0,-0.18948746,Vp,15.0,20,750.0,20.0,1500.0,1500,1500.0,1.0,40.0,0.25
2545,51270.0,-0.14416122,Vp,15.0,20,750.0,20.0,1500.0,1500,1500.0,1.0,40.0,0.25
2546,51280.0,-0.53343964,Vp,15.0,20,750.0,20.0,1500.0,1500,1500.0,1.0,40.0,0.25
2547,51290.0,-0.5244217,Vp,15.0,20,750.0,20.0,1500.0,1500,1500.0,1.0,40.0,0.25
2548,51300.0,-0.29561996,Vp,15.0,20,750.0,20.0,1500.0,1500,1500.0,1.0,40.0,0.25
2549,51310.0,-0.19719696,Vp,15.0,20,750.0,20.0,1500.0,1500,1500.0,1.0,40.0,0.25
2550,51320.0,-0.5015564,Vp,15.0,20,750.0,20.0,1500.0,1500,1500.0,1.0,40.0,0.25
2551,51330.0,-0.42248154,Vp,15.0,20,750.0,20.0,1500.0,1500,1500.0,1.0,40.0,0.25
2552,51340.0,-0.5589218,Vp,15.0,20,750.0,20.0,1500.0,1500,1500.0,1.0,40.0,0.25
2553,51350.0,-0.3452835,Vp,15.0,20,750.0,20.0,1500.0,1500,1500.0,1.0,40.0,0.25
2554,51360.0,-0.31074142,Vp,15.0,20,750.0,20.0,1500.0,1500,1500.0,1.0,40.0,0.25
2555,51370.0,-0.56275177,Vp,15.0,20,750.0,20.0,1500.0,1500,1500.0,1.0,40.0,0.25
2556,51380.0,-0.3189392,Vp,15.0,20,750.0,20.0,1500.0,1500,1500.0,1.0,40.0,0.25
2557,51390.0,-0.3010254,Vp,15.0,20,750.0,20.0,1500.0,1500,1500.0,1.0,40.0,0.25
2558,51400.0,-0.60258484,Vp,15.0,20,750.0,20.0,1500.0,1500,1500.0,1.0,40.0,0.25
2559,51410.0,-0.38098526,Vp,15.0,20,750.0,20.0,1500.0,1500,1500.0,1.0,40.0,0.25
2560,51420.0,-0.25221634,Vp,15.0,20,750.0,20.0,1500.0,1500,1500.0,1.0,40.0,0.25
2561,51430.0,0.2037201,Vp,15.0,20,750.0,20.0,1500.0,1500,1500.0,1.0,40.0,0.25
2562,51440.0,5.1159363,Vp,15.0,20,750.0,20.0,1500.0,1500,1500.0,1.0,40.0,0.25
2563,51450.0,6.6853714,Vp,15.0,20,750.0,20.0,1500.0,1500,1500.0,1.0,40.0,0.25
2564,51460.0,5.752556,Vp,15.0,20,750.0,20.0,1500.0,1500,1500.0,1.0,40.0,0.25
2565,51470.0,4.4914627,Vp,15.0,20,750.0,20.0,1500.0,1500,1500.0,1.0,40.0,0.25
2566,51480.0,3.5209923,Vp,15.0,20,750.0,20.0,1500.0,1500,1500.0,1.0,40.0,0.25
2567,51490.0,2.8412247,Vp,15.0,20,750.0,20.0,1500.0,1500,1500.0,1.0,40.0,0.25
2568,51500.0,2.4135742,Vp,15.0,20,750.0,20.0,1500.0,1500,1500.0,1.0,40.0,0.25
2569,51510.0,2.1314125,Vp,15.0,20,750.0,20.0,1500.0,1500,1500.0,1.0,40.0,0.25
2570,51520.0,1.9353027,Vp,15.0,20,750.0,20.0,1500.0,1500,1500.0,1.0,40.0,0.25
2571,51530.0,1.8045769,Vp,15.0,20,750.0,20.0,1500.0,1500,1500.0,1.0,40.0,0.25
2572,51540.0,1.7025337,Vp,15.0,20,750.0,20.0,1500.0,1500,1500.0,1.0,40.0,0.25
2573,51550.0,1.6357956,Vp,15.0,20,750.0,20.0,1500.0,1500,1500.0,1.0,40.0,0.25
2574,51560.0,1.5851097,Vp,15.0,20,750.0,20.0,1500.0,1500,1500.0,1.0,40.0,0.25
2575,51570.0,1.5400887,Vp,15.0,20,750.0,20.0,1500.0,1500,1500.0,1.0,40.0,0.25
2576,51580.0,1.49926,Vp,15.0,20,750.0,20.0,1500.0,1500,1500.0,1.0,40.0,0.25
2577,51590.0,1.4702988,Vp,15.0,20,750.0,20.0,1500.0,1500,1500.0,1.0,40.0,0.25
2578,51600.0,1.4463005,Vp,15.0,20,750.0,20.0,1500.0,1500,1500.0,1.0,40.0,0.25
2579,51610.0,1.4392166,Vp,15.0,20,750.0,20.0,1500.0,1500,1500.0,1.0,40.0,0.25
2580,51620.0,1.3911667,Vp,15.0,20,750.0,20.0,1500.0,1500,1500.0,1.0,40.0,0.25
2581,51630.0,1.3574181,Vp,15.0,20,750.0,20.0,1500.0,1500,1500.0,1.0,40.0,0.25
2582,51640.0,1.3188477,Vp,15.0,20,750.0,20.0,1500.0,1500,1500.0,1.0,40.0,0.25
2583,51650.0,1.2597771,Vp,15.0,20,750.0,20.0,1500.0,1500,1500.0,1.0,40.0,0.25
2584,51660.0,1.167942,Vp,15.0,20,750.0,20.0,1500.0,1500,1500.0,1.0,40.0,0.25
2585,51670.0,1.1112518,Vp,15.0,20,750.0,20.0,1500.0,1500,1500.0,1.0,40.0,0.25
2586,51680.0,1.0079117,Vp,15.0,20,750.0,20.0,1500.0,1500,1500.0,1.0,40.0,0.25
2587,51690.0,0.9771614,Vp,15.0,20,750.0,20.0,1500.0,1500,1500.0,1.0,40.0,0.25
2588,51700.0,0.9316368,Vp,15.0,20,750.0,20.0,1500.0,1500,1500.0,1.0,40.0,0.25
2589,51710.0,0.83340454,Vp,15.0,20,750.0,20.0,1500.0,1500,1500.0,1.0,40.0,0.25
2590,51720.0,0.67845535,Vp,15.0,20,750.0,20.0,1500.0,1500,1500.0,1.0,40.0,0.25
2591,51730.0,0.53328705,Vp,15.0,20,750.0,20.0,1500.0,1500,1500.0,1.0,40.0,0.25
2592,51740.0,0.4641533,Vp,15.0,20,750.0,20.0,1500.0,1500,1500.0,1.0,40.0,0.25
2593,51750.0,0.31895447,Vp,15.0,20,750.0,20.0,1500.0,1500,1500.0,1.0,40.0,0.25
2594,51760.0,0.21177292,Vp,15.0,20,750.0,20.0,1500.0,1500,1500.0,1.0,40.0,0.25
2595,51770.0,0.11199188,Vp,15.0,20,750.0,20.0,1500.0,1500,1500.0,1.0,40.0,0.25
2596,51780.0,0.08939743,Vp,15.0,20,750.0,20.0,1500.0,1500,1500.0,1.0,40.0,0.25
2597,51790.0,-0.1169014,Vp,15.0,20,750.0,20.0,1500.0,1500,1500.0,1.0,40.0,0.25
2598,51800.0,-0.19312286,Vp,15.0,20,750.0,20.0,1500.0,1500,1500.0,1.0,40.0,0.25
2599,51810.0,-0.21209335,Vp,15.0,20,750.0,20.0,1500.0,1500,1500.0,1.0,40.0,0.25
2600,51820.0,-0.23485565,Vp,15.0,20,750.0,20.0,1500.0,1500,1500.0,1.0,40.0,0.25
2601,51830.0,-0.22028351,Vp,15.0,20,750.0,20.0,1500.0,1500,1500.0,1.0,40.0,0.25
2602,51840.0,-0.28090668,Vp,15.0,20,750.0,20.0,1500.0,1500,1500.0,1.0,40.0,0.25
2603,51850.0,-0.35037994,Vp,15.0,20,750.0,20.0,1500.0,1500,1500.0,1.0,40.0,0.25
2604,51860.0,-0.34738922,Vp,15.0,20,750.0,20.0,1500.0,1500,1500.0,1.0,40.0,0.25
2605,51870.0,-0.040088654,Vp,15.0,20,750.0,20.0,1500.0,1500,1500.0,1.0,40.0,0.25
2606,51880.0,-0.18143082,Vp,15.0,20,750.0,20.0,1500.0,1500,1500.0,1.0,40.0,0.25
2607,51890.0,-0.32723236,Vp,15.0,20,750.0,20.0,1500.0,1500,1500.0,1.0,40.0,0.25
2608,51900.0,-0.44921112,Vp,15.0,20,750.0,20.0,1500.0,1500,1500.0,1.0,40.0,0.25
2609,51910.0,-0.2975006,Vp,15.0,20,750.0,20.0,1500.0,1500,1500.0,1.0,40.0,0.25
2610,51920.0,-0.2549858,Vp,15.0,20,750.0,20.0,1500.0,1500,1500.0,1.0,40.0,0.25
2611,51930.0,-0.261734,Vp,15.0,20,750.0,20.0,1500.0,1500,1500.0,1.0,40.0,0.25
2612,51940.0,-0.22668076,Vp,15.0,20,750.0,20.0,1500.0,1500,1500.0,1.0,40.0,0.25
2613,51950.0,-0.25488663,Vp,15.0,20,750.0,20.0,1500.0,1500,1500.0,1.0,40.0,0.25
2614,51960.0,-0.27698135,Vp,15.0,20,750.0,20.0,1500.0,1500,1500.0,1.0,40.0,0.25
2615,51970.0,-0.32268524,Vp,15.0,20,750.0,20.0,1500.0,1500,1500.0,1.0,40.0,0.25
2616,51980.0,-0.36634827,Vp,15.0,20,750.0,20.0,1500.0,1500,1500.0,1.0,40.0,0.25
2617,51990.0,-0.29101562,Vp,15.0,20,750.0,20.0,1500.0,1500,1500.0,1.0,40.0,0.25
2618,52000.0,-0.25255585,Vp,15.0,20,750.0,20.0,1500.0,1500,1500.0,1.0,40.0,0.25
2619,52010.0,-0.20129013,Vp,15.0,20,750.0,20.0,1500.0,1500,1500.0,1.0,40.0,0.25
2620,52020.0,-0.13899231,Vp,15.0,20,750.0,20.0,1500.0,1500,1500.0,1.0,40.0,0.25
2621,52030.0,-0.38288498,Vp,15.0,20,750.0,20.0,1500.0,1500,1500.0,1.0,40.0,0.25
2622,52040.0,-0.36112213,Vp,15.0,20,750.0,20.0,1500.0,1500,1500.0,1.0,40.0,0.25
2623,52050.0,-0.3737564,Vp,15.0,20,750.0,20.0,1500.0,1500,1500.0,1.0,40.0,0.25
2624,52060.0,-0.23316193,Vp,15.0,20,750.0,20.0,1500.0,1500,1500.0,1.0,40.0,0.25
2625,52070.0,-0.20670319,Vp,15.0,20,750.0,20.0,1500.0,1500,1500.0,1.0,40.0,0.25
2626,52080.0,-0.23302078,Vp,15.0,20,750.0,20.0,1500.0,1500,1500.0,1.0,40.0,0.25
2627,52090.0,-0.4137535,Vp,15.0,20,750.0,20.0,1500.0,1500,1500.0,1.0,40.0,0.25
2628,52100.0,-0.12854385,Vp,15.0,20,750.0,20.0,1500.0,1500,1500.0,1.0,40.0,0.25
2629,52110.0,-0.13364029,Vp,15.0,20,750.0,20.0,1500.0,1500,1500.0,1.0,40.0,0.25
2630,52120.0,-0.18146515,Vp,15.0,20,750.0,20.0,1500.0,1500,1500.0,1.0,40.0,0.25
2631,52130.0,-0.2243576,Vp,15.0,20,750.0,20.0,1500.0,1500,1500.0,1.0,40.0,0.25
2632,52140.0,-0.08179855,Vp,15.0,20,750.0,20.0,1500.0,1500,1500.0,1.0,40.0,0.25
2633,52150.0,-0.3390236,Vp,15.0,20,750.0,20.0,1500.0,1500,1500.0,1.0,40.0,0.25
2634,52160.0,-0.30307007,Vp,15.0,20,750.0,20.0,1500.0,1500,1500.0,1.0,40.0,0.25
2635,52170.0,0.108169556,Vp,15.0,20,750.0,20.0,1500.0,1500,1500.0,1.0,40.0,0.25
2636,52180.0,-0.24706268,Vp,15.0,20,750.0,20.0,1500.0,1500,1500.0,1.0,40.0,0.25
2637,52190.0,-0.31921387,Vp,15.0,20,750.0,20.0,1500.0,1500,1500.0,1.0,40.0,0.25
2638,52200.0,-0.01374054,Vp,15.0,20,750.0,20.0,1500.0,1500,1500.0,1.0,40.0,0.25
2639,52210.0,-0.08113861,Vp,15.0,20,750.0,20.0,1500.0,1500,1500.0,1.0,40.0,0.25
2640,52220.0,-0.28341675,Vp,15.0,20,750.0,20.0,1500.0,1500,1500.0,1.0,40.0,0.25
2641,52230.0,-0.32802963,Vp,15.0,20,750.0,20.0,1500.0,1500,1500.0,1.0,40.0,0.25
2642,52240.0,-0.030761719,Vp,15.0,20,750.0,20.0,1500.0,1500,1500.0,1.0,40.0,0.25
2643,52250.0,-0.12578201,Vp,15.0,20,750.0,20.0,1500.0,1500,1500.0,1.0,40.0,0.25
2644,52260.0,-0.31894684,Vp,15.0,20,750.0,20.0,1500.0,1500,1500.0,1.0,40.0,0.25
2645,52270.0,-0.20254135,Vp,15.0,20,750.0,20.0,1500.0,1500,1500.0,1.0,40.0,0.25
2646,52280.0,-0.13098526,Vp,15.0,20,750.0,20.0,1500.0,1500,1500.0,1.0,40.0,0.25
2647,52290.0,-0.40338135,Vp,15.0,20,750.0,20.0,1500.0,1500,1500.0,1.0,40.0,0.25
2648,52300.0,-0.012680054,Vp,15.0,20,750.0,20.0,1500.0,1500,1500.0,1.0,40.0,0.25
2649,52310.0,0.0702858,Vp,15.0,20,750.0,20.0,1500.0,1500,1500.0,1.0,40.0,0.25
2650,52320.0,-0.22868729,Vp,15.0,20,750.0,20.0,1500.0,1500,1500.0,1.0,40.0,0.25
2651,52330.0,-0.2721939,Vp,15.0,20,750.0,20.0,1500.0,1500,1500.0,1.0,40.0,0.25
2652,52340.0,-0.39617538,Vp,15.0,20,750.0,20.0,1500.0,1500,1500.0,1.0,40.0,0.25
2653,52350.0,-0.23266602,Vp,15.0,20,750.0,20.0,1500.0,1500,1500.0,1.0,40.0,0.25
2654,52360.0,-0.12901688,Vp,15.0,20,750.0,20.0,1500.0,1500,1500.0,1.0,40.0,0.25
2655,52370.0,-0.0857048,Vp,15.0,20,750.0,20.0,1500.0,1500,1500.0,1.0,40.0,0.25
2656,52380.0,-0.18941116,Vp,15.0,20,750.0,20.0,1500.0,1500,1500.0,1.0,40.0,0.25
2657,52390.0,-0.24929047,Vp,15.0,20,750.0,20.0,1500.0,1500,1500.0,1.0,40.0,0.25
2658,52400.0,-0.17219925,Vp,15.0,20,750.0,20.0,1500.0,1500,1500.0,1.0,40.0,0.25
2659,52410.0,-0.2902832,Vp,15.0,20,750.0,20.0,1500.0,1500,1500.0,1.0,40.0,0.25
2660,52420.0,-0.4740982,Vp,15.0,20,750.0,20.0,1500.0,1500,1500.0,1.0,40.0,0.25
2661,52430.0,-0.14036179,Vp,15.0,20,750.0,20.0,1500.0,1500,1500.0,1.0,40.0,0.25
2662,52440.0,-0.13948059,Vp,15.0,20,750.0,20.0,1500.0,1500,1500.0,1.0,40.0,0.25
2663,52450.0,-0.38674927,Vp,15.0,20,750.0,20.0,1500.0,1500,1500.0,1.0,40.0,0.25
2664,52460.0,-0.060894012,Vp,15.0,20,750.0,20.0,1500.0,1500,1500.0,1.0,40.0,0.25
2665,52470.0,-0.34688187,Vp,15.0,20,750.0,20.0,1500.0,1500,1500.0,1.0,40.0,0.25
2666,52480.0,-0.37879562,Vp,15.0,20,750.0,20.0,1500.0,1500,1500.0,1.0,40.0,0.25
2667,52490.0,-0.20493698,Vp,15.0,20,750.0,20.0,1500.0,1500,1500.0,1.0,40.0,0.25
2668,52500.0,-0.4969902,Vp,15.0,20,750.0,20.0,1500.0,1500,1500.0,1.0,40.0,0.25
2669,52510.0,-0.15287781,Vp,15.0,20,750.0,20.0,1500.0,1500,1500.0,1.0,40.0,0.25
2670,52520.0,-0.1416359,Vp,15.0,20,750.0,20.0,1500.0,1500,1500.0,1.0,40.0,0.25
2671,52530.0,-0.26347733,Vp,15.0,20,750.0,20.0,1500.0,1500,1500.0,1.0,40.0,0.25
2672,52540.0,-0.44324112,Vp,15.0,20,750.0,20.0,1500.0,1500,1500.0,1.0,40.0,0.25
2673,52550.0,-0.15880203,Vp,15.0,20,750.0,20.0,1500.0,1500,1500.0,1.0,40.0,0.25
2674,52560.0,-0.15445328,Vp,15.0,20,750.0,20.0,1500.0,1500,1500.0,1.0,40.0,0.25
2675,52570.0,-0.40916824,Vp,15.0,20,750.0,20.0,1500.0,1500,1500.0,1.0,40.0,0.25
2676,52580.0,-0.18167496,Vp,15.0,20,750.0,20.0,1500.0,1500,1500.0,1.0,40.0,0.25
2677,52590.0,-0.045375824,Vp,15.0,20,750.0,20.0,1500.0,1500,1500.0,1.0,40.0,0.25
2678,52600.0,-0.25484467,Vp,15.0,20,750.0,20.0,1500.0,1500,1500.0,1.0,40.0,0.25
2679,52610.0,-0.5916977,Vp,15.0,20,750.0,20.0,1500.0,1500,1500.0,1.0,40.0,0.25
2680,52620.0,-0.18168259,Vp,15.0,20,750.0,20.0,1500.0,1500,1500.0,1.0,40.0,0.25
2681,52630.0,-0.15652084,Vp,15.0,20,750.0,20.0,1500.0,1500,1500.0,1.0,40.0,0.25
2682,52640.0,-0.40746307,Vp,15.0,20,750.0,20.0,1500.0,1500,1500.0,1.0,40.0,0.25
2683,52650.0,-0.3078041,Vp,15.0,20,750.0,20.0,1500.0,1500,1500.0,1.0,40.0,0.25
2684,52660.0,-0.32369232,Vp,15.0,20,750.0,20.0,1500.0,1500,1500.0,1.0,40.0,0.25
2685,52670.0,-0.4317932,Vp,15.0,20,750.0,20.0,1500.0,1500,1500.0,1.0,40.0,0.25
2686,52680.0,-0.10525131,Vp,15.0,20,750.0,20.0,1500.0,1500,1500.0,1.0,40.0,0.25
2687,52690.0,-0.49202347,Vp,15.0,20,750.0,20.0,1500.0,1500,1500.0,1.0,40.0,0.25
2688,52700.0,-0.43527985,Vp,15.0,20,750.0,20.0,1500.0,1500,1500.0,1.0,40.0,0.25
2689,52710.0,-0.24033356,Vp,15.0,20,750.0,20.0,1500.0,1500,1500.0,1.0,40.0,0.25
2690,52720.0,-0.3152237,Vp,15.0,20,750.0,20.0,1500.0,1500,1500.0,1.0,40.0,0.25
2691,52730.0,-0.55491257,Vp,15.0,20,750.0,20.0,1500.0,1500,1500.0,1.0,40.0,0.25
2692,52740.0,-0.13272858,Vp,15.0,20,750.0,20.0,1500.0,1500,1500.0,1.0,40.0,0.25
2693,52750.0,-0.13188171,Vp,15.0,20,750.0,20.0,1500.0,1500,1500.0,1.0,40.0,0.25
2694,52760.0,-0.47981644,Vp,15.0,20,750.0,20.0,1500.0,1500,1500.0,1.0,40.0,0.25
2695,52770.0,-0.46157074,Vp,15.0,20,750.0,20.0,1500.0,1500,1500.0,1.0,40.0,0.25
2696,52780.0,0.013427734,Vp,15.0,20,750.0,20.0,1500.0,1500,1500.0,1.0,40.0,0.25
2697,52790.0,-0.34906387,Vp,15.0,20,750.0,20.0,1500.0,1500,1500.0,1.0,40.0,0.25
2698,52800.0,-0.5205231,Vp,15.0,20,750.0,20.0,1500.0,1500,1500.0,1.0,40.0,0.25
2699,52810.0,-0.2642517,Vp,15.0,20,750.0,20.0,1500.0,1500,1500.0,1.0,40.0,0.25
2700,52820.0,-0.20429611,Vp,15.0,20,750.0,20.0,1500.0,1500,1500.0,1.0,40.0,0.25
2701,52830.0,-0.491951,Vp,15.0,20,750.0,20.0,1500.0,1500,1500.0,1.0,40.0,0.25
2702,52840.0,-0.63373184,Vp,15.0,20,750.0,20.0,1500.0,1500,1500.0,1.0,40.0,0.25
2703,52850.0,-0.24267578,Vp,15.0,20,750.0,20.0,1500.0,1500,1500.0,1.0,40.0,0.25
2704,52860.0,0.039813995,Vp,15.0,20,750.0,20.0,1500.0,1500,1500.0,1.0,40.0,0.25
2705,52870.0,-0.3506317,Vp,15.0,20,750.0,20.0,1500.0,1500,1500.0,1.0,40.0,0.25
2706,52880.0,-0.64836884,Vp,15.0,20,750.0,20.0,1500.0,1500,1500.0,1.0,40.0,0.25
2707,52890.0,-0.43686295,Vp,15.0,20,750.0,20.0,1500.0,1500,1500.0,1.0,40.0,0.25
2708,52900.0,-0.43490982,Vp,15.0,20,750.0,20.0,1500.0,1500,1500.0,1.0,40.0,0.25
2709,52910.0,-0.31811142,Vp,15.0,20,750.0,20.0,1500.0,1500,1500.0,1.0,40.0,0.25
2710,52920.0,-0.23036194,Vp,15.0,20,750.0,20.0,1500.0,1500,1500.0,1.0,40.0,0.25
2711,52930.0,-0.59459305,Vp,15.0,20,750.0,20.0,1500.0,1500,1500.0,1.0,40.0,0.25
2712,54850.0,-0.53034973,Vp,15.0,20,750.0,20.0,1500.0,1500,1500.0,1.0,40.0,0.25
2713,54860.0,-0.581974,Vp,15.0,20,750.0,20.0,1500.0,1500,1500.0,1.0,40.0,0.25
2714,54870.0,-0.31211472,Vp,15.0,20,750.0,20.0,1500.0,1500,1500.0,1.0,40.0,0.25
2715,54880.0,-0.121414185,Vp,15.0,20,750.0,20.0,1500.0,1500,1500.0,1.0,40.0,0.25
2716,54890.0,-0.3312378,Vp,15.0,20,750.0,20.0,1500.0,1500,1500.0,1.0,40.0,0.25
2717,54900.0,-0.5020714,Vp,15.0,20,750.0,20.0,1500.0,1500,1500.0,1.0,40.0,0.25
2718,54910.0,-0.42746735,Vp,15.0,20,750.0,20.0,1500.0,1500,1500.0,1.0,40.0,0.25
2719,54920.0,-0.41893005,Vp,15.0,20,750.0,20.0,1500.0,1500,1500.0,1.0,40.0,0.25
2720,54930.0,-0.59088135,Vp,15.0,20,750.0,20.0,1500.0,1500,1500.0,1.0,40.0,0.25
2721,54940.0,-0.35034943,Vp,15.0,20,750.0,20.0,1500.0,1500,1500.0,1.0,40.0,0.25
2722,54950.0,-0.34721375,Vp,15.0,20,750.0,20.0,1500.0,1500,1500.0,1.0,40.0,0.25
2723,54960.0,-0.49946976,Vp,15.0,20,750.0,20.0,1500.0,1500,1500.0,1.0,40.0,0.25
2724,54970.0,-0.5280113,Vp,15.0,20,750.0,20.0,1500.0,1500,1500.0,1.0,40.0,0.25
2725,54980.0,-0.63672256,Vp,15.0,20,750.0,20.0,1500.0,1500,1500.0,1.0,40.0,0.25
2726,54990.0,-0.31365585,Vp,15.0,20,750.0,20.0,1500.0,1500,1500.0,1.0,40.0,0.25
2727,55000.0,-0.13819122,Vp,15.0,20,750.0,20.0,1500.0,1500,1500.0,1.0,40.0,0.25
2728,55010.0,-0.6006317,Vp,15.0,20,750.0,20.0,1500.0,1500,1500.0,1.0,40.0,0.25
2729,55020.0,-0.53543854,Vp,15.0,20,750.0,20.0,1500.0,1500,1500.0,1.0,40.0,0.25
2730,55030.0,-0.3188362,Vp,15.0,20,750.0,20.0,1500.0,1500,1500.0,1.0,40.0,0.25
2731,55040.0,-0.5639725,Vp,15.0,20,750.0,20.0,1500.0,1500,1500.0,1.0,40.0,0.25
2732,55050.0,-0.40035248,Vp,15.0,20,750.0,20.0,1500.0,1500,1500.0,1.0,40.0,0.25
2733,55060.0,-0.36547852,Vp,15.0,20,750.0,20.0,1500.0,1500,1500.0,1.0,40.0,0.25
2734,55070.0,-0.381485,Vp,15.0,20,750.0,20.0,1500.0,1500,1500.0,1.0,40.0,0.25
2735,55080.0,-0.074207306,Vp,15.0,20,750.0,20.0,1500.0,1500,1500.0,1.0,40.0,0.25
2736,55090.0,-0.33555222,Vp,15.0,20,750.0,20.0,1500.0,1500,1500.0,1.0,40.0,0.25
2737,55100.0,-0.2725029,Vp,15.0,20,750.0,20.0,1500.0,1500,1500.0,1.0,40.0,0.25
2738,55110.0,-0.4796486,Vp,15.0,20,750.0,20.0,1500.0,1500,1500.0,1.0,40.0,0.25
2739,55120.0,-0.32057953,Vp,15.0,20,750.0,20.0,1500.0,1500,1500.0,1.0,40.0,0.25
2740,55130.0,-0.4453888,Vp,15.0,20,750.0,20.0,1500.0,1500,1500.0,1.0,40.0,0.25
2741,55140.0,-0.277462,Vp,15.0,20,750.0,20.0,1500.0,1500,1500.0,1.0,40.0,0.25
2742,55150.0,-0.25632095,Vp,15.0,20,750.0,20.0,1500.0,1500,1500.0,1.0,40.0,0.25
2743,55160.0,-0.5576439,Vp,15.0,20,750.0,20.0,1500.0,1500,1500.0,1.0,40.0,0.25
2744,55170.0,-0.66088486,Vp,15.0,20,750.0,20.0,1500.0,1500,1500.0,1.0,40.0,0.25
2745,55180.0,-0.19488144,Vp,15.0,20,750.0,20.0,1500.0,1500,1500.0,1.0,40.0,0.25
2746,55190.0,-0.42139435,Vp,15.0,20,750.0,20.0,1500.0,1500,1500.0,1.0,40.0,0.25
2747,55200.0,-0.5097275,Vp,15.0,20,750.0,20.0,1500.0,1500,1500.0,1.0,40.0,0.25
2748,55210.0,-0.2643814,Vp,15.0,20,750.0,20.0,1500.0,1500,1500.0,1.0,40.0,0.25
2749,55220.0,-0.37735748,Vp,15.0,20,750.0,20.0,1500.0,1500,1500.0,1.0,40.0,0.25
2750,55230.0,-0.49760818,Vp,15.0,20,750.0,20.0,1500.0,1500,1500.0,1.0,40.0,0.25
2751,55240.0,-0.34549332,Vp,15.0,20,750.0,20.0,1500.0,1500,1500.0,1.0,40.0,0.25
2752,55250.0,-0.14920807,Vp,15.0,20,750.0,20.0,1500.0,1500,1500.0,1.0,40.0,0.25
2753,55260.0,-0.439888,Vp,15.0,20,750.0,20.0,1500.0,1500,1500.0,1.0,40.0,0.25
2754,55270.0,-0.61479187,Vp,15.0,20,750.0,20.0,1500.0,1500,1500.0,1.0,40.0,0.25
2755,55280.0,-0.49066544,Vp,15.0,20,750.0,20.0,1500.0,1500,1500.0,1.0,40.0,0.25
2756,55290.0,-0.5808487,Vp,15.0,20,750.0,20.0,1500.0,1500,1500.0,1.0,40.0,0.25
2757,55300.0,-0.4114418,Vp,15.0,20,750.0,20.0,1500.0,1500,1500.0,1.0,40.0,0.25
2758,55310.0,-0.5541191,Vp,15.0,20,750.0,20.0,1500.0,1500,1500.0,1.0,40.0,0.25
2759,55320.0,-0.4149742,Vp,15.0,20,750.0,20.0,1500.0,1500,1500.0,1.0,40.0,0.25
2760,55330.0,-0.3357315,Vp,15.0,20,750.0,20.0,1500.0,1500,1500.0,1.0,40.0,0.25
2761,55340.0,-0.41357803,Vp,15.0,20,750.0,20.0,1500.0,1500,1500.0,1.0,40.0,0.25
2762,55350.0,-0.40720367,Vp,15.0,20,750.0,20.0,1500.0,1500,1500.0,1.0,40.0,0.25
2763,55360.0,-0.4699936,Vp,15.0,20,750.0,20.0,1500.0,1500,1500.0,1.0,40.0,0.25
2764,55370.0,-0.6436653,Vp,15.0,20,750.0,20.0,1500.0,1500,1500.0,1.0,40.0,0.25
2765,55380.0,-0.5131607,Vp,15.0,20,750.0,20.0,1500.0,1500,1500.0,1.0,40.0,0.25
2766,55390.0,-0.16318512,Vp,15.0,20,750.0,20.0,1500.0,1500,1500.0,1.0,40.0,0.25
2767,55400.0,-0.35066986,Vp,15.0,20,750.0,20.0,1500.0,1500,1500.0,1.0,40.0,0.25
2768,55410.0,-0.49243164,Vp,15.0,20,750.0,20.0,1500.0,1500,1500.0,1.0,40.0,0.25
2769,55420.0,-0.56098175,Vp,15.0,20,750.0,20.0,1500.0,1500,1500.0,1.0,40.0,0.25
2770,55430.0,0.022834778,Vp,15.0,20,750.0,20.0,1500.0,1500,1500.0,1.0,40.0,0.25
2771,55440.0,-0.31708145,Vp,15.0,20,750.0,20.0,1500.0,1500,1500.0,1.0,40.0,0.25
2772,55450.0,-0.49464798,Vp,15.0,20,750.0,20.0,1500.0,1500,1500.0,1.0,40.0,0.25
2773,55460.0,-0.19850922,Vp,15.0,20,750.0,20.0,1500.0,1500,1500.0,1.0,40.0,0.25
2774,55470.0,-0.2225914,Vp,15.0,20,750.0,20.0,1500.0,1500,1500.0,1.0,40.0,0.25
2775,55480.0,-0.42437744,Vp,15.0,20,750.0,20.0,1500.0,1500,1500.0,1.0,40.0,0.25
2776,55490.0,-0.44256592,Vp,15.0,20,750.0,20.0,1500.0,1500,1500.0,1.0,40.0,0.25
2777,55500.0,-0.3405609,Vp,15.0,20,750.0,20.0,1500.0,1500,1500.0,1.0,40.0,0.25
2778,55510.0,-0.29235458,Vp,15.0,20,750.0,20.0,1500.0,1500,1500.0,1.0,40.0,0.25
2779,55520.0,-0.3468895,Vp,15.0,20,750.0,20.0,1500.0,1500,1500.0,1.0,40.0,0.25
2780,55530.0,-0.40864944,Vp,15.0,20,750.0,20.0,1500.0,1500,1500.0,1.0,40.0,0.25
2781,55540.0,-0.6692848,Vp,15.0,20,750.0,20.0,1500.0,1500,1500.0,1.0,40.0,0.25
2782,55550.0,-0.38754272,Vp,15.0,20,750.0,20.0,1500.0,1500,1500.0,1.0,40.0,0.25
2783,55560.0,-0.23431015,Vp,15.0,20,750.0,20.0,1500.0,1500,1500.0,1.0,40.0,0.25
2784,55570.0,-0.2901497,Vp,15.0,20,750.0,20.0,1500.0,1500,1500.0,1.0,40.0,0.25
2785,55580.0,-0.30622864,Vp,15.0,20,750.0,20.0,1500.0,1500,1500.0,1.0,40.0,0.25
2786,55590.0,-0.3209114,Vp,15.0,20,750.0,20.0,1500.0,1500,1500.0,1.0,40.0,0.25
2787,55600.0,-0.058330536,Vp,15.0,20,750.0,20.0,1500.0,1500,1500.0,1.0,40.0,0.25
2788,55610.0,4.919876,Vp,15.0,20,750.0,20.0,1500.0,1500,1500.0,1.0,40.0,0.25
2789,55620.0,6.647743,Vp,15.0,20,750.0,20.0,1500.0,1500,1500.0,1.0,40.0,0.25
2790,55630.0,5.736038,Vp,15.0,20,750.0,20.0,1500.0,1500,1500.0,1.0,40.0,0.25
2791,55640.0,4.4365005,Vp,15.0,20,750.0,20.0,1500.0,1500,1500.0,1.0,40.0,0.25
2792,55650.0,3.4494438,Vp,15.0,20,750.0,20.0,1500.0,1500,1500.0,1.0,40.0,0.25
2793,55660.0,2.7922935,Vp,15.0,20,750.0,20.0,1500.0,1500,1500.0,1.0,40.0,0.25
2794,55670.0,2.3329735,Vp,15.0,20,750.0,20.0,1500.0,1500,1500.0,1.0,40.0,0.25
2795,55680.0,2.079605,Vp,15.0,20,750.0,20.0,1500.0,1500,1500.0,1.0,40.0,0.25
2796,55690.0,1.888874,Vp,15.0,20,750.0,20.0,1500.0,1500,1500.0,1.0,40.0,0.25
2797,55700.0,1.7332268,Vp,15.0,20,750.0,20.0,1500.0,1500,1500.0,1.0,40.0,0.25
2798,55710.0,1.6573639,Vp,15.0,20,750.0,20.0,1500.0,1500,1500.0,1.0,40.0,0.25
2799,55720.0,1.5889778,Vp,15.0,20,750.0,20.0,1500.0,1500,1500.0,1.0,40.0,0.25
2800,55730.0,1.533783,Vp,15.0,20,750.0,20.0,1500.0,1500,1500.0,1.0,40.0,0.25
2801,55740.0,1.5065231,Vp,15.0,20,750.0,20.0,1500.0,1500,1500.0,1.0,40.0,0.25
2802,55750.0,1.4956474,Vp,15.0,20,750.0,20.0,1500.0,1500,1500.0,1.0,40.0,0.25
2803,55760.0,1.442913,Vp,15.0,20,750.0,20.0,1500.0,1500,1500.0,1.0,40.0,0.25
2804,55770.0,1.4121246,Vp,15.0,20,750.0,20.0,1500.0,1500,1500.0,1.0,40.0,0.25
2805,55780.0,1.4026909,Vp,15.0,20,750.0,20.0,1500.0,1500,1500.0,1.0,40.0,0.25
2806,55790.0,1.3649559,Vp,15.0,20,750.0,20.0,1500.0,1500,1500.0,1.0,40.0,0.25
2807,55800.0,1.3054657,Vp,15.0,20,750.0,20.0,1500.0,1500,1500.0,1.0,40.0,0.25
2808,55810.0,1.2525482,Vp,15.0,20,750.0,20.0,1500.0,1500,1500.0,1.0,40.0,0.25
2809,55820.0,1.1974335,Vp,15.0,20,750.0,20.0,1500.0,1500,1500.0,1.0,40.0,0.25
2810,55830.0,1.1301613,Vp,15.0,20,750.0,20.0,1500.0,1500,1500.0,1.0,40.0,0.25
2811,55840.0,1.085247,Vp,15.0,20,750.0,20.0,1500.0,1500,1500.0,1.0,40.0,0.25
2812,55850.0,1.00103,Vp,15.0,20,750.0,20.0,1500.0,1500,1500.0,1.0,40.0,0.25
2813,55860.0,0.9711418,Vp,15.0,20,750.0,20.0,1500.0,1500,1500.0,1.0,40.0,0.25
2814,55870.0,0.901577,Vp,15.0,20,750.0,20.0,1500.0,1500,1500.0,1.0,40.0,0.25
2815,55880.0,0.8352089,Vp,15.0,20,750.0,20.0,1500.0,1500,1500.0,1.0,40.0,0.25
2816,55890.0,0.6949501,Vp,15.0,20,750.0,20.0,1500.0,1500,1500.0,1.0,40.0,0.25
2817,55900.0,0.55763245,Vp,15.0,20,750.0,20.0,1500.0,1500,1500.0,1.0,40.0,0.25
2818,55910.0,0.38977432,Vp,15.0,20,750.0,20.0,1500.0,1500,1500.0,1.0,40.0,0.25
2819,55920.0,0.33643723,Vp,15.0,20,750.0,20.0,1500.0,1500,1500.0,1.0,40.0,0.25
2820,55930.0,0.3700409,Vp,15.0,20,750.0,20.0,1500.0,1500,1500.0,1.0,40.0,0.25
2821,55940.0,0.12721252,Vp,15.0,20,750.0,20.0,1500.0,1500,1500.0,1.0,40.0,0.25
2822,55950.0,0.032169342,Vp,15.0,20,750.0,20.0,1500.0,1500,1500.0,1.0,40.0,0.25
2823,55960.0,-0.118652344,Vp,15.0,20,750.0,20.0,1500.0,1500,1500.0,1.0,40.0,0.25
2824,55970.0,-0.04024124,Vp,15.0,20,750.0,20.0,1500.0,1500,1500.0,1.0,40.0,0.25
2825,55980.0,-0.062740326,Vp,15.0,20,750.0,20.0,1500.0,1500,1500.0,1.0,40.0,0.25
2826,55990.0,-0.17728806,Vp,15.0,20,750.0,20.0,1500.0,1500,1500.0,1.0,40.0,0.25
2827,56000.0,-0.3111267,Vp,15.0,20,750.0,20.0,1500.0,1500,1500.0,1.0,40.0,0.25
2828,56010.0,-0.2564621,Vp,15.0,20,750.0,20.0,1500.0,1500,1500.0,1.0,40.0,0.25
2829,56020.0,-0.27442932,Vp,15.0,20,750.0,20.0,1500.0,1500,1500.0,1.0,40.0,0.25
2830,56030.0,-0.20394897,Vp,15.0,20,750.0,20.0,1500.0,1500,1500.0,1.0,40.0,0.25
2831,56040.0,-0.3832779,Vp,15.0,20,750.0,20.0,1500.0,1500,1500.0,1.0,40.0,0.25
2832,56050.0,-0.3998108,Vp,15.0,20,750.0,20.0,1500.0,1500,1500.0,1.0,40.0,0.25
2833,56060.0,-0.39481735,Vp,15.0,20,750.0,20.0,1500.0,1500,1500.0,1.0,40.0,0.25
2834,56070.0,-0.28920364,Vp,15.0,20,750.0,20.0,1500.0,1500,1500.0,1.0,40.0,0.25
2835,56080.0,-0.29075623,Vp,15.0,20,750.0,20.0,1500.0,1500,1500.0,1.0,40.0,0.25
2836,56090.0,-0.15172958,Vp,15.0,20,750.0,20.0,1500.0,1500,1500.0,1.0,40.0,0.25
2837,56100.0,-0.2280693,Vp,15.0,20,750.0,20.0,1500.0,1500,1500.0,1.0,40.0,0.25
2838,56110.0,-0.4763031,Vp,15.0,20,750.0,20.0,1500.0,1500,1500.0,1.0,40.0,0.25
2839,56120.0,-0.6360359,Vp,15.0,20,750.0,20.0,1500.0,1500,1500.0,1.0,40.0,0.25
2840,56130.0,-0.10058975,Vp,15.0,20,750.0,20.0,1500.0,1500,1500.0,1.0,40.0,0.25
2841,56140.0,-0.059532166,Vp,15.0,20,750.0,20.0,1500.0,1500,1500.0,1.0,40.0,0.25
2842,56150.0,-0.23955536,Vp,15.0,20,750.0,20.0,1500.0,1500,1500.0,1.0,40.0,0.25
2843,56160.0,-0.05355835,Vp,15.0,20,750.0,20.0,1500.0,1500,1500.0,1.0,40.0,0.25
2844,56170.0,-0.1769104,Vp,15.0,20,750.0,20.0,1500.0,1500,1500.0,1.0,40.0,0.25
2845,56180.0,-0.5089607,Vp,15.0,20,750.0,20.0,1500.0,1500,1500.0,1.0,40.0,0.25
2846,56190.0,-0.3141632,Vp,15.0,20,750.0,20.0,1500.0,1500,1500.0,1.0,40.0,0.25
2847,56200.0,-0.0026512146,Vp,15.0,20,750.0,20.0,1500.0,1500,1500.0,1.0,40.0,0.25
2848,56210.0,0.006210327,Vp,15.0,20,750.0,20.0,1500.0,1500,1500.0,1.0,40.0,0.25
2849,56220.0,-0.2512741,Vp,15.0,20,750.0,20.0,1500.0,1500,1500.0,1.0,40.0,0.25
2850,56230.0,-0.41978073,Vp,15.0,20,750.0,20.0,1500.0,1500,1500.0,1.0,40.0,0.25
2851,56240.0,-0.29556274,Vp,15.0,20,750.0,20.0,1500.0,1500,1500.0,1.0,40.0,0.25
2852,56250.0,-0.37311554,Vp,15.0,20,750.0,20.0,1500.0,1500,1500.0,1.0,40.0,0.25
2853,56260.0,-0.22932816,Vp,15.0,20,750.0,20.0,1500.0,1500,1500.0,1.0,40.0,0.25
2854,56270.0,-0.20574951,Vp,15.0,20,750.0,20.0,1500.0,1500,1500.0,1.0,40.0,0.25
2855,56280.0,-0.20513916,Vp,15.0,20,750.0,20.0,1500.0,1500,1500.0,1.0,40.0,0.25
2856,56290.0,-0.26039505,Vp,15.0,20,750.0,20.0,1500.0,1500,1500.0,1.0,40.0,0.25
2857,56300.0,-0.114543915,Vp,15.0,20,750.0,20.0,1500.0,1500,1500.0,1.0,40.0,0.25
2858,56310.0,-0.21891022,Vp,15.0,20,750.0,20.0,1500.0,1500,1500.0,1.0,40.0,0.25
2859,56320.0,-0.36512375,Vp,15.0,20,750.0,20.0,1500.0,1500,1500.0,1.0,40.0,0.25
2860,56330.0,-0.11852646,Vp,15.0,20,750.0,20.0,1500.0,1500,1500.0,1.0,40.0,0.25
2861,56340.0,0.16012192,Vp,15.0,20,750.0,20.0,1500.0,1500,1500.0,1.0,40.0,0.25
2862,56350.0,-0.31963348,Vp,15.0,20,750.0,20.0,1500.0,1500,1500.0,1.0,40.0,0.25
2863,56360.0,-0.14259338,Vp,15.0,20,750.0,20.0,1500.0,1500,1500.0,1.0,40.0,0.25
2864,56370.0,-0.041866302,Vp,15.0,20,750.0,20.0,1500.0,1500,1500.0,1.0,40.0,0.25
2865,56380.0,-0.35541153,Vp,15.0,20,750.0,20.0,1500.0,1500,1500.0,1.0,40.0,0.25
2866,56390.0,-0.21156693,Vp,15.0,20,750.0,20.0,1500.0,1500,1500.0,1.0,40.0,0.25
2867,56400.0,-0.13461304,Vp,15.0,20,750.0,20.0,1500.0,1500,1500.0,1.0,40.0,0.25
2868,56410.0,-0.15991974,Vp,15.0,20,750.0,20.0,1500.0,1500,1500.0,1.0,40.0,0.25
2869,56420.0,-0.14027405,Vp,15.0,20,750.0,20.0,1500.0,1500,1500.0,1.0,40.0,0.25
2870,56430.0,-0.5341835,Vp,15.0,20,750.0,20.0,1500.0,1500,1500.0,1.0,40.0,0.25
2871,56440.0,-0.3619423,Vp,15.0,20,750.0,20.0,1500.0,1500,1500.0,1.0,40.0,0.25
2872,56450.0,-0.17378616,Vp,15.0,20,750.0,20.0,1500.0,1500,1500.0,1.0,40.0,0.25
2873,56460.0,-0.29845047,Vp,15.0,20,750.0,20.0,1500.0,1500,1500.0,1.0,40.0,0.25
2874,56470.0,-0.36261368,Vp,15.0,20,750.0,20.0,1500.0,1500,1500.0,1.0,40.0,0.25
2875,56480.0,-0.2914505,Vp,15.0,20,750.0,20.0,1500.0,1500,1500.0,1.0,40.0,0.25
2876,56490.0,-0.36135483,Vp,15.0,20,750.0,20.0,1500.0,1500,1500.0,1.0,40.0,0.25
2877,56500.0,-0.33475113,Vp,15.0,20,750.0,20.0,1500.0,1500,1500.0,1.0,40.0,0.25
2878,56510.0,-0.054214478,Vp,15.0,20,750.0,20.0,1500.0,1500,1500.0,1.0,40.0,0.25
2879,56520.0,-0.19587708,Vp,15.0,20,750.0,20.0,1500.0,1500,1500.0,1.0,40.0,0.25
2880,56530.0,-0.5535774,Vp,15.0,20,750.0,20.0,1500.0,1500,1500.0,1.0,40.0,0.25
2881,56540.0,-0.48673248,Vp,15.0,20,750.0,20.0,1500.0,1500,1500.0,1.0,40.0,0.25
2882,56550.0,-0.15125656,Vp,15.0,20,750.0,20.0,1500.0,1500,1500.0,1.0,40.0,0.25
2883,56560.0,-0.17365265,Vp,15.0,20,750.0,20.0,1500.0,1500,1500.0,1.0,40.0,0.25
2884,56570.0,-0.44465637,Vp,15.0,20,750.0,20.0,1500.0,1500,1500.0,1.0,40.0,0.25
2885,56580.0,-0.53917694,Vp,15.0,20,750.0,20.0,1500.0,1500,1500.0,1.0,40.0,0.25
2886,56590.0,-0.42473602,Vp,15.0,20,750.0,20.0,1500.0,1500,1500.0,1.0,40.0,0.25
2887,56600.0,-0.4298706,Vp,15.0,20,750.0,20.0,1500.0,1500,1500.0,1.0,40.0,0.25
2888,56610.0,-0.31803894,Vp,15.0,20,750.0,20.0,1500.0,1500,1500.0,1.0,40.0,0.25
2889,56620.0,-0.2437706,Vp,15.0,20,750.0,20.0,1500.0,1500,1500.0,1.0,40.0,0.25
2890,56630.0,-0.4259529,Vp,15.0,20,750.0,20.0,1500.0,1500,1500.0,1.0,40.0,0.25
2891,56640.0,-0.377697,Vp,15.0,20,750.0,20.0,1500.0,1500,1500.0,1.0,40.0,0.25
2892,56650.0,-0.3748932,Vp,15.0,20,750.0,20.0,1500.0,1500,1500.0,1.0,40.0,0.25
2893,56660.0,-0.39783096,Vp,15.0,20,750.0,20.0,1500.0,1500,1500.0,1.0,40.0,0.25
2894,56670.0,-0.13606644,Vp,15.0,20,750.0,20.0,1500.0,1500,1500.0,1.0,40.0,0.25
2895,56680.0,-0.16338348,Vp,15.0,20,750.0,20.0,1500.0,1500,1500.0,1.0,40.0,0.25
2896,56690.0,-0.3833313,Vp,15.0,20,750.0,20.0,1500.0,1500,1500.0,1.0,40.0,0.25
2897,56700.0,-0.37592697,Vp,15.0,20,750.0,20.0,1500.0,1500,1500.0,1.0,40.0,0.25
2898,56710.0,-0.3572464,Vp,15.0,20,750.0,20.0,1500.0,1500,1500.0,1.0,40.0,0.25
2899,56720.0,-0.22383499,Vp,15.0,20,750.0,20.0,1500.0,1500,1500.0,1.0,40.0,0.25
2900,56730.0,-0.3070221,Vp,15.0,20,750.0,20.0,1500.0,1500,1500.0,1.0,40.0,0.25
2901,56740.0,-0.548542,Vp,15.0,20,750.0,20.0,1500.0,1500,1500.0,1.0,40.0,0.25
2902,56750.0,-0.33670807,Vp,15.0,20,750.0,20.0,1500.0,1500,1500.0,1.0,40.0,0.25
2903,56760.0,-0.4146881,Vp,15.0,20,750.0,20.0,1500.0,1500,1500.0,1.0,40.0,0.25
2904,56770.0,-0.28741837,Vp,15.0,20,750.0,20.0,1500.0,1500,1500.0,1.0,40.0,0.25
2905,56780.0,-0.366539,Vp,15.0,20,750.0,20.0,1500.0,1500,1500.0,1.0,40.0,0.25
2906,56790.0,-0.2542038,Vp,15.0,20,750.0,20.0,1500.0,1500,1500.0,1.0,40.0,0.25
2907,56800.0,-0.24685287,Vp,15.0,20,750.0,20.0,1500.0,1500,1500.0,1.0,40.0,0.25
2908,56810.0,-0.41413116,Vp,15.0,20,750.0,20.0,1500.0,1500,1500.0,1.0,40.0,0.25
2909,56820.0,-0.26002884,Vp,15.0,20,750.0,20.0,1500.0,1500,1500.0,1.0,40.0,0.25
2910,56830.0,-0.1121788,Vp,15.0,20,750.0,20.0,1500.0,1500,1500.0,1.0,40.0,0.25
2911,56840.0,-0.45778656,Vp,15.0,20,750.0,20.0,1500.0,1500,1500.0,1.0,40.0,0.25
2912,56850.0,-0.1406517,Vp,15.0,20,750.0,20.0,1500.0,1500,1500.0,1.0,40.0,0.25
2913,56860.0,-0.46972656,Vp,15.0,20,750.0,20.0,1500.0,1500,1500.0,1.0,40.0,0.25
2914,56870.0,-0.57684326,Vp,15.0,20,750.0,20.0,1500.0,1500,1500.0,1.0,40.0,0.25
2915,56880.0,-0.097351074,Vp,15.0,20,750.0,20.0,1500.0,1500,1500.0,1.0,40.0,0.25
2916,56890.0,-0.32192993,Vp,15.0,20,750.0,20.0,1500.0,1500,1500.0,1.0,40.0,0.25
2917,56900.0,-0.47932434,Vp,15.0,20,750.0,20.0,1500.0,1500,1500.0,1.0,40.0,0.25
2918,56910.0,-0.16444397,Vp,15.0,20,750.0,20.0,1500.0,1500,1500.0,1.0,40.0,0.25
2919,56920.0,-0.36307144,Vp,15.0,20,750.0,20.0,1500.0,1500,1500.0,1.0,40.0,0.25
2920,56930.0,-0.57318497,Vp,15.0,20,750.0,20.0,1500.0,1500,1500.0,1.0,40.0,0.25
2921,56940.0,-0.367836,Vp,15.0,20,750.0,20.0,1500.0,1500,1500.0,1.0,40.0,0.25
2922,56950.0,-0.25784302,Vp,15.0,20,750.0,20.0,1500.0,1500,1500.0,1.0,40.0,0.25
2923,56960.0,-0.47019196,Vp,15.0,20,750.0,20.0,1500.0,1500,1500.0,1.0,40.0,0.25
2924,56970.0,-0.51229095,Vp,15.0,20,750.0,20.0,1500.0,1500,1500.0,1.0,40.0,0.25
2925,56980.0,-0.23262024,Vp,15.0,20,750.0,20.0,1500.0,1500,1500.0,1.0,40.0,0.25
2926,56990.0,-0.36432648,Vp,15.0,20,750.0,20.0,1500.0,1500,1500.0,1.0,40.0,0.25
2927,57000.0,-0.41589737,Vp,15.0,20,750.0,20.0,1500.0,1500,1500.0,1.0,40.0,0.25
2928,57010.0,-0.2511177,Vp,15.0,20,750.0,20.0,1500.0,1500,1500.0,1.0,40.0,0.25
2929,57020.0,-0.30099487,Vp,15.0,20,750.0,20.0,1500.0,1500,1500.0,1.0,40.0,0.25
2930,57030.0,-0.5274887,Vp,15.0,20,750.0,20.0,1500.0,1500,1500.0,1.0,40.0,0.25
2931,57040.0,-0.52765656,Vp,15.0,20,750.0,20.0,1500.0,1500,1500.0,1.0,40.0,0.25
2932,57050.0,-0.22184753,Vp,15.0,20,750.0,20.0,1500.0,1500,1500.0,1.0,40.0,0.25
2933,57060.0,-0.3959961,Vp,15.0,20,750.0,20.0,1500.0,1500,1500.0,1.0,40.0,0.25
2934,57070.0,-0.43928528,Vp,15.0,20,750.0,20.0,1500.0,1500,1500.0,1.0,40.0,0.25
2935,57080.0,-0.2809143,Vp,15.0,20,750.0,20.0,1500.0,1500,1500.0,1.0,40.0,0.25
2936,57090.0,-0.4227028,Vp,15.0,20,750.0,20.0,1500.0,1500,1500.0,1.0,40.0,0.25
2937,57100.0,-0.41353226,Vp,15.0,20,750.0,20.0,1500.0,1500,1500.0,1.0,40.0,0.25
2938,59620.0,-0.3100357,Vp,15.0,20,750.0,20.0,1500.0,1500,1500.0,1.0,40.0,0.25
2939,59630.0,-0.42162704,Vp,15.0,20,750.0,20.0,1500.0,1500,1500.0,1.0,40.0,0.25
2940,59640.0,-0.56851196,Vp,15.0,20,750.0,20.0,1500.0,1500,1500.0,1.0,40.0,0.25
2941,59650.0,-0.2309761,Vp,15.0,20,750.0,20.0,1500.0,1500,1500.0,1.0,40.0,0.25
2942,59660.0,-0.45422745,Vp,15.0,20,750.0,20.0,1500.0,1500,1500.0,1.0,40.0,0.25
2943,59670.0,-0.5058861,Vp,15.0,20,750.0,20.0,1500.0,1500,1500.0,1.0,40.0,0.25
2944,59680.0,-0.21520615,Vp,15.0,20,750.0,20.0,1500.0,1500,1500.0,1.0,40.0,0.25
2945,59690.0,-0.42556,Vp,15.0,20,750.0,20.0,1500.0,1500,1500.0,1.0,40.0,0.25
2946,59700.0,-0.52318954,Vp,15.0,20,750.0,20.0,1500.0,1500,1500.0,1.0,40.0,0.25
2947,59710.0,-0.4552307,Vp,15.0,20,750.0,20.0,1500.0,1500,1500.0,1.0,40.0,0.25
2948,59720.0,-0.27427292,Vp,15.0,20,750.0,20.0,1500.0,1500,1500.0,1.0,40.0,0.25
2949,59730.0,-0.38531113,Vp,15.0,20,750.0,20.0,1500.0,1500,1500.0,1.0,40.0,0.25
2950,59740.0,-0.57520294,Vp,15.0,20,750.0,20.0,1500.0,1500,1500.0,1.0,40.0,0.25
2951,59750.0,-0.36611176,Vp,15.0,20,750.0,20.0,1500.0,1500,1500.0,1.0,40.0,0.25
2952,59760.0,-0.53796387,Vp,15.0,20,750.0,20.0,1500.0,1500,1500.0,1.0,40.0,0.25
2953,59770.0,-0.57930374,Vp,15.0,20,750.0,20.0,1500.0,1500,1500.0,1.0,40.0,0.25
2954,59780.0,-0.4250183,Vp,15.0,20,750.0,20.0,1500.0,1500,1500.0,1.0,40.0,0.25
2955,59790.0,-0.60404587,Vp,15.0,20,750.0,20.0,1500.0,1500,1500.0,1.0,40.0,0.25
2956,59800.0,-0.38836288,Vp,15.0,20,750.0,20.0,1500.0,1500,1500.0,1.0,40.0,0.25
2957,59810.0,-0.446743,Vp,15.0,20,750.0,20.0,1500.0,1500,1500.0,1.0,40.0,0.25
2958,59820.0,-0.5339203,Vp,15.0,20,750.0,20.0,1500.0,1500,1500.0,1.0,40.0,0.25
2959,59830.0,-0.49767685,Vp,15.0,20,750.0,20.0,1500.0,1500,1500.0,1.0,40.0,0.25
2960,59840.0,-0.38352203,Vp,15.0,20,750.0,20.0,1500.0,1500,1500.0,1.0,40.0,0.25
2961,59850.0,-0.336689,Vp,15.0,20,750.0,20.0,1500.0,1500,1500.0,1.0,40.0,0.25
2962,59860.0,-0.32748413,Vp,15.0,20,750.0,20.0,1500.0,1500,1500.0,1.0,40.0,0.25
2963,59870.0,-0.13563156,Vp,15.0,20,750.0,20.0,1500.0,1500,1500.0,1.0,40.0,0.25
2964,59880.0,-0.4251976,Vp,15.0,20,750.0,20.0,1500.0,1500,1500.0,1.0,40.0,0.25
2965,59890.0,0.018520355,Vp,15.0,20,750.0,20.0,1500.0,1500,1500.0,1.0,40.0,0.25
2966,59900.0,-0.045547485,Vp,15.0,20,750.0,20.0,1500.0,1500,1500.0,1.0,40.0,0.25
2967,59910.0,-0.5301895,Vp,15.0,20,750.0,20.0,1500.0,1500,1500.0,1.0,40.0,0.25
2968,59920.0,-0.6544266,Vp,15.0,20,750.0,20.0,1500.0,1500,1500.0,1.0,40.0,0.25
2969,59930.0,-0.3323288,Vp,15.0,20,750.0,20.0,1500.0,1500,1500.0,1.0,40.0,0.25
2970,59940.0,-0.054145813,Vp,15.0,20,750.0,20.0,1500.0,1500,1500.0,1.0,40.0,0.25
2971,59950.0,-0.5917015,Vp,15.0,20,750.0,20.0,1500.0,1500,1500.0,1.0,40.0,0.25
2972,59960.0,-0.31223297,Vp,15.0,20,750.0,20.0,1500.0,1500,1500.0,1.0,40.0,0.25
2973,59970.0,-0.16861343,Vp,15.0,20,750.0,20.0,1500.0,1500,1500.0,1.0,40.0,0.25
2974,59980.0,-0.5203018,Vp,15.0,20,750.0,20.0,1500.0,1500,1500.0,1.0,40.0,0.25
2975,59990.0,-0.48644638,Vp,15.0,20,750.0,20.0,1500.0,1500,1500.0,1.0,40.0,0.25
2976,60000.0,-0.20534134,Vp,15.0,20,750.0,20.0,1500.0,1500,1500.0,1.0,40.0,0.25
2977,60010.0,-0.26420975,Vp,15.0,20,750.0,20.0,1500.0,1500,1500.0,1.0,40.0,0.25
2978,60020.0,-0.3220024,Vp,15.0,20,750.0,20.0,1500.0,1500,1500.0,1.0,40.0,0.25
2979,60030.0,-0.6491356,Vp,15.0,20,750.0,20.0,1500.0,1500,1500.0,1.0,40.0,0.25
2980,60040.0,-0.5805092,Vp,15.0,20,750.0,20.0,1500.0,1500,1500.0,1.0,40.0,0.25
2981,60050.0,-0.29341888,Vp,15.0,20,750.0,20.0,1500.0,1500,1500.0,1.0,40.0,0.25
2982,60060.0,-0.2739334,Vp,15.0,20,750.0,20.0,1500.0,1500,1500.0,1.0,40.0,0.25
2983,60070.0,-0.42560196,Vp,15.0,20,750.0,20.0,1500.0,1500,1500.0,1.0,40.0,0.25
2984,60080.0,-0.40498352,Vp,15.0,20,750.0,20.0,1500.0,1500,1500.0,1.0,40.0,0.25
2985,60090.0,-0.29099274,Vp,15.0,20,750.0,20.0,1500.0,1500,1500.0,1.0,40.0,0.25
2986,60100.0,-0.46952057,Vp,15.0,20,750.0,20.0,1500.0,1500,1500.0,1.0,40.0,0.25
2987,60110.0,-0.15544128,Vp,15.0,20,750.0,20.0,1500.0,1500,1500.0,1.0,40.0,0.25
2988,60120.0,-0.20636368,Vp,15.0,20,750.0,20.0,1500.0,1500,1500.0,1.0,40.0,0.25
2989,60130.0,-0.5836067,Vp,15.0,20,750.0,20.0,1500.0,1500,1500.0,1.0,40.0,0.25
2990,60140.0,-0.16392136,Vp,15.0,20,750.0,20.0,1500.0,1500,1500.0,1.0,40.0,0.25
2991,60150.0,-0.09019852,Vp,15.0,20,750.0,20.0,1500.0,1500,1500.0,1.0,40.0,0.25
2992,60160.0,-0.4265213,Vp,15.0,20,750.0,20.0,1500.0,1500,1500.0,1.0,40.0,0.25
2993,60170.0,-0.46681213,Vp,15.0,20,750.0,20.0,1500.0,1500,1500.0,1.0,40.0,0.25
2994,60180.0,-0.3126297,Vp,15.0,20,750.0,20.0,1500.0,1500,1500.0,1.0,40.0,0.25
2995,60190.0,-0.46879196,Vp,15.0,20,750.0,20.0,1500.0,1500,1500.0,1.0,40.0,0.25
2996,60200.0,-0.5527954,Vp,15.0,20,750.0,20.0,1500.0,1500,1500.0,1.0,40.0,0.25
2997,60210.0,-0.3607025,Vp,15.0,20,750.0,20.0,1500.0,1500,1500.0,1.0,40.0,0.25
2998,60220.0,-0.4657402,Vp,15.0,20,750.0,20.0,1500.0,1500,1500.0,1.0,40.0,0.25
2999,60230.0,-0.61024094,Vp,15.0,20,750.0,20.0,1500.0,1500,1500.0,1.0,40.0,0.25
3000,60240.0,-0.30849838,Vp,15.0,20,750.0,20.0,1500.0,1500,1500.0,1.0,40.0,0.25
3001,60250.0,-0.16529465,Vp,15.0,20,750.0,20.0,1500.0,1500,1500.0,1.0,40.0,0.25
3002,60260.0,-0.558651,Vp,15.0,20,750.0,20.0,1500.0,1500,1500.0,1.0,40.0,0.25
3003,60270.0,-0.5500603,Vp,15.0,20,750.0,20.0,1500.0,1500,1500.0,1.0,40.0,0.25
3004,60280.0,-0.3384285,Vp,15.0,20,750.0,20.0,1500.0,1500,1500.0,1.0,40.0,0.25
3005,60290.0,-0.2800789,Vp,15.0,20,750.0,20.0,1500.0,1500,1500.0,1.0,40.0,0.25
3006,60300.0,-0.3042717,Vp,15.0,20,750.0,20.0,1500.0,1500,1500.0,1.0,40.0,0.25
3007,60310.0,-0.33574295,Vp,15.0,20,750.0,20.0,1500.0,1500,1500.0,1.0,40.0,0.25
3008,60320.0,-0.44366837,Vp,15.0,20,750.0,20.0,1500.0,1500,1500.0,1.0,40.0,0.25
3009,60330.0,-0.4806404,Vp,15.0,20,750.0,20.0,1500.0,1500,1500.0,1.0,40.0,0.25
3010,60340.0,-0.29837036,Vp,15.0,20,750.0,20.0,1500.0,1500,1500.0,1.0,40.0,0.25
3011,60350.0,-0.30545807,Vp,15.0,20,750.0,20.0,1500.0,1500,1500.0,1.0,40.0,0.25
3012,60360.0,-0.33929825,Vp,15.0,20,750.0,20.0,1500.0,1500,1500.0,1.0,40.0,0.25
3013,60370.0,0.16184616,Vp,15.0,20,750.0,20.0,1500.0,1500,1500.0,1.0,40.0,0.25
3014,60380.0,4.938324,Vp,15.0,20,750.0,20.0,1500.0,1500,1500.0,1.0,40.0,0.25
3015,60390.0,6.6026077,Vp,15.0,20,750.0,20.0,1500.0,1500,1500.0,1.0,40.0,0.25
3016,60400.0,5.721611,Vp,15.0,20,750.0,20.0,1500.0,1500,1500.0,1.0,40.0,0.25
3017,60410.0,4.4592056,Vp,15.0,20,750.0,20.0,1500.0,1500,1500.0,1.0,40.0,0.25
3018,60420.0,3.5265694,Vp,15.0,20,750.0,20.0,1500.0,1500,1500.0,1.0,40.0,0.25
3019,60430.0,2.8588867,Vp,15.0,20,750.0,20.0,1500.0,1500,1500.0,1.0,40.0,0.25
3020,60440.0,2.4101295,Vp,15.0,20,750.0,20.0,1500.0,1500,1500.0,1.0,40.0,0.25
3021,60450.0,2.1134605,Vp,15.0,20,750.0,20.0,1500.0,1500,1500.0,1.0,40.0,0.25
3022,60460.0,1.9131927,Vp,15.0,20,750.0,20.0,1500.0,1500,1500.0,1.0,40.0,0.25
3023,60470.0,1.7657051,Vp,15.0,20,750.0,20.0,1500.0,1500,1500.0,1.0,40.0,0.25
3024,60480.0,1.6778336,Vp,15.0,20,750.0,20.0,1500.0,1500,1500.0,1.0,40.0,0.25
3025,60490.0,1.6130562,Vp,15.0,20,750.0,20.0,1500.0,1500,1500.0,1.0,40.0,0.25
3026,60500.0,1.5549622,Vp,15.0,20,750.0,20.0,1500.0,1500,1500.0,1.0,40.0,0.25
3027,60510.0,1.5052147,Vp,15.0,20,750.0,20.0,1500.0,1500,1500.0,1.0,40.0,0.25
3028,60520.0,1.4764633,Vp,15.0,20,750.0,20.0,1500.0,1500,1500.0,1.0,40.0,0.25
3029,60530.0,1.4451828,Vp,15.0,20,750.0,20.0,1500.0,1500,1500.0,1.0,40.0,0.25
3030,60540.0,1.4203186,Vp,15.0,20,750.0,20.0,1500.0,1500,1500.0,1.0,40.0,0.25
3031,60550.0,1.3926163,Vp,15.0,20,750.0,20.0,1500.0,1500,1500.0,1.0,40.0,0.25
3032,60560.0,1.3567467,Vp,15.0,20,750.0,20.0,1500.0,1500,1500.0,1.0,40.0,0.25
3033,60570.0,1.3152695,Vp,15.0,20,750.0,20.0,1500.0,1500,1500.0,1.0,40.0,0.25
3034,60580.0,1.2460594,Vp,15.0,20,750.0,20.0,1500.0,1500,1500.0,1.0,40.0,0.25
3035,60590.0,1.2121315,Vp,15.0,20,750.0,20.0,1500.0,1500,1500.0,1.0,40.0,0.25
3036,60600.0,1.1204872,Vp,15.0,20,750.0,20.0,1500.0,1500,1500.0,1.0,40.0,0.25
3037,60610.0,1.0600433,Vp,15.0,20,750.0,20.0,1500.0,1500,1500.0,1.0,40.0,0.25
3038,60620.0,0.962162,Vp,15.0,20,750.0,20.0,1500.0,1500,1500.0,1.0,40.0,0.25
3039,60630.0,0.8636131,Vp,15.0,20,750.0,20.0,1500.0,1500,1500.0,1.0,40.0,0.25
3040,60640.0,0.84445953,Vp,15.0,20,750.0,20.0,1500.0,1500,1500.0,1.0,40.0,0.25
3041,60650.0,0.78910446,Vp,15.0,20,750.0,20.0,1500.0,1500,1500.0,1.0,40.0,0.25
3042,60660.0,0.6541977,Vp,15.0,20,750.0,20.0,1500.0,1500,1500.0,1.0,40.0,0.25
3043,60670.0,0.48704147,Vp,15.0,20,750.0,20.0,1500.0,1500,1500.0,1.0,40.0,0.25
3044,60680.0,0.34918594,Vp,15.0,20,750.0,20.0,1500.0,1500,1500.0,1.0,40.0,0.25
3045,60690.0,0.26135254,Vp,15.0,20,750.0,20.0,1500.0,1500,1500.0,1.0,40.0,0.25
3046,60700.0,0.1234436,Vp,15.0,20,750.0,20.0,1500.0,1500,1500.0,1.0,40.0,0.25
3047,60710.0,0.05448532,Vp,15.0,20,750.0,20.0,1500.0,1500,1500.0,1.0,40.0,0.25
3048,60720.0,0.09846115,Vp,15.0,20,750.0,20.0,1500.0,1500,1500.0,1.0,40.0,0.25
3049,60730.0,-0.0032691956,Vp,15.0,20,750.0,20.0,1500.0,1500,1500.0,1.0,40.0,0.25
3050,60740.0,-0.07103729,Vp,15.0,20,750.0,20.0,1500.0,1500,1500.0,1.0,40.0,0.25
3051,60750.0,-0.19803238,Vp,15.0,20,750.0,20.0,1500.0,1500,1500.0,1.0,40.0,0.25
3052,60760.0,-0.40848923,Vp,15.0,20,750.0,20.0,1500.0,1500,1500.0,1.0,40.0,0.25
3053,60770.0,-0.36916733,Vp,15.0,20,750.0,20.0,1500.0,1500,1500.0,1.0,40.0,0.25
3054,60780.0,-0.25624084,Vp,15.0,20,750.0,20.0,1500.0,1500,1500.0,1.0,40.0,0.25
3055,60790.0,-0.23138809,Vp,15.0,20,750.0,20.0,1500.0,1500,1500.0,1.0,40.0,0.25
3056,60800.0,-0.25714493,Vp,15.0,20,750.0,20.0,1500.0,1500,1500.0,1.0,40.0,0.25
3057,60810.0,-0.39728165,Vp,15.0,20,750.0,20.0,1500.0,1500,1500.0,1.0,40.0,0.25
3058,60820.0,-0.23573303,Vp,15.0,20,750.0,20.0,1500.0,1500,1500.0,1.0,40.0,0.25
3059,60830.0,-0.29437637,Vp,15.0,20,750.0,20.0,1500.0,1500,1500.0,1.0,40.0,0.25
3060,60840.0,-0.24353409,Vp,15.0,20,750.0,20.0,1500.0,1500,1500.0,1.0,40.0,0.25
3061,60850.0,-0.15031433,Vp,15.0,20,750.0,20.0,1500.0,1500,1500.0,1.0,40.0,0.25
3062,60860.0,-0.30413055,Vp,15.0,20,750.0,20.0,1500.0,1500,1500.0,1.0,40.0,0.25
3063,60870.0,-0.4892769,Vp,15.0,20,750.0,20.0,1500.0,1500,1500.0,1.0,40.0,0.25
3064,60880.0,-0.30628967,Vp,15.0,20,750.0,20.0,1500.0,1500,1500.0,1.0,40.0,0.25
3065,60890.0,-0.18186569,Vp,15.0,20,750.0,20.0,1500.0,1500,1500.0,1.0,40.0,0.25
3066,60900.0,-0.33865738,Vp,15.0,20,750.0,20.0,1500.0,1500,1500.0,1.0,40.0,0.25
3067,60910.0,-0.22836304,Vp,15.0,20,750.0,20.0,1500.0,1500,1500.0,1.0,40.0,0.25
3068,60920.0,-0.33972168,Vp,15.0,20,750.0,20.0,1500.0,1500,1500.0,1.0,40.0,0.25
3069,60930.0,-0.22383499,Vp,15.0,20,750.0,20.0,1500.0,1500,1500.0,1.0,40.0,0.25
3070,60940.0,-0.106227875,Vp,15.0,20,750.0,20.0,1500.0,1500,1500.0,1.0,40.0,0.25
3071,60950.0,-0.27096176,Vp,15.0,20,750.0,20.0,1500.0,1500,1500.0,1.0,40.0,0.25
3072,60960.0,-0.24437714,Vp,15.0,20,750.0,20.0,1500.0,1500,1500.0,1.0,40.0,0.25
3073,60970.0,-0.25791168,Vp,15.0,20,750.0,20.0,1500.0,1500,1500.0,1.0,40.0,0.25
3074,60980.0,-0.24552917,Vp,15.0,20,750.0,20.0,1500.0,1500,1500.0,1.0,40.0,0.25
3075,60990.0,-0.28291702,Vp,15.0,20,750.0,20.0,1500.0,1500,1500.0,1.0,40.0,0.25
3076,61000.0,-0.17594147,Vp,15.0,20,750.0,20.0,1500.0,1500,1500.0,1.0,40.0,0.25
3077,61010.0,-0.38833618,Vp,15.0,20,750.0,20.0,1500.0,1500,1500.0,1.0,40.0,0.25
3078,61020.0,-0.28768158,Vp,15.0,20,750.0,20.0,1500.0,1500,1500.0,1.0,40.0,0.25
3079,61030.0,-0.055233,Vp,15.0,20,750.0,20.0,1500.0,1500,1500.0,1.0,40.0,0.25
3080,61040.0,-0.1380043,Vp,15.0,20,750.0,20.0,1500.0,1500,1500.0,1.0,40.0,0.25
3081,61050.0,-0.2204361,Vp,15.0,20,750.0,20.0,1500.0,1500,1500.0,1.0,40.0,0.25
3082,61060.0,-0.36409378,Vp,15.0,20,750.0,20.0,1500.0,1500,1500.0,1.0,40.0,0.25
3083,61070.0,-0.3271637,Vp,15.0,20,750.0,20.0,1500.0,1500,1500.0,1.0,40.0,0.25
3084,61080.0,-0.08475113,Vp,15.0,20,750.0,20.0,1500.0,1500,1500.0,1.0,40.0,0.25
3085,61090.0,-0.2776947,Vp,15.0,20,750.0,20.0,1500.0,1500,1500.0,1.0,40.0,0.25
3086,61100.0,-0.006011963,Vp,15.0,20,750.0,20.0,1500.0,1500,1500.0,1.0,40.0,0.25
3087,61110.0,0.04718399,Vp,15.0,20,750.0,20.0,1500.0,1500,1500.0,1.0,40.0,0.25
3088,61120.0,-0.28536987,Vp,15.0,20,750.0,20.0,1500.0,1500,1500.0,1.0,40.0,0.25
3089,61130.0,-0.43372345,Vp,15.0,20,750.0,20.0,1500.0,1500,1500.0,1.0,40.0,0.25
3090,61140.0,-0.17531204,Vp,15.0,20,750.0,20.0,1500.0,1500,1500.0,1.0,40.0,0.25
3091,61150.0,-0.11405563,Vp,15.0,20,750.0,20.0,1500.0,1500,1500.0,1.0,40.0,0.25
3092,61160.0,-0.46819687,Vp,15.0,20,750.0,20.0,1500.0,1500,1500.0,1.0,40.0,0.25
3093,61170.0,-0.25697708,Vp,15.0,20,750.0,20.0,1500.0,1500,1500.0,1.0,40.0,0.25
3094,61180.0,0.09412384,Vp,15.0,20,750.0,20.0,1500.0,1500,1500.0,1.0,40.0,0.25
3095,61190.0,-0.22041702,Vp,15.0,20,750.0,20.0,1500.0,1500,1500.0,1.0,40.0,0.25
3096,61200.0,-0.23055267,Vp,15.0,20,750.0,20.0,1500.0,1500,1500.0,1.0,40.0,0.25
3097,61210.0,-0.096847534,Vp,15.0,20,750.0,20.0,1500.0,1500,1500.0,1.0,40.0,0.25
3098,61220.0,-0.4000206,Vp,15.0,20,750.0,20.0,1500.0,1500,1500.0,1.0,40.0,0.25
3099,61230.0,-0.2959671,Vp,15.0,20,750.0,20.0,1500.0,1500,1500.0,1.0,40.0,0.25
3100,61240.0,-0.017570496,Vp,15.0,20,750.0,20.0,1500.0,1500,1500.0,1.0,40.0,0.25
3101,61250.0,-0.30844116,Vp,15.0,20,750.0,20.0,1500.0,1500,1500.0,1.0,40.0,0.25
3102,61260.0,-0.2190628,Vp,15.0,20,750.0,20.0,1500.0,1500,1500.0,1.0,40.0,0.25
3103,61270.0,-0.10577774,Vp,15.0,20,750.0,20.0,1500.0,1500,1500.0,1.0,40.0,0.25
3104,61280.0,-0.49599838,Vp,15.0,20,750.0,20.0,1500.0,1500,1500.0,1.0,40.0,0.25
3105,61290.0,-0.47735596,Vp,15.0,20,750.0,20.0,1500.0,1500,1500.0,1.0,40.0,0.25
3106,61300.0,0.13858414,Vp,15.0,20,750.0,20.0,1500.0,1500,1500.0,1.0,40.0,0.25
3107,61310.0,-0.18821716,Vp,15.0,20,750.0,20.0,1500.0,1500,1500.0,1.0,40.0,0.25
3108,61320.0,-0.43705368,Vp,15.0,20,750.0,20.0,1500.0,1500,1500.0,1.0,40.0,0.25
3109,61330.0,-0.19823074,Vp,15.0,20,750.0,20.0,1500.0,1500,1500.0,1.0,40.0,0.25
3110,61340.0,-0.0104522705,Vp,15.0,20,750.0,20.0,1500.0,1500,1500.0,1.0,40.0,0.25
3111,61350.0,-0.3123665,Vp,15.0,20,750.0,20.0,1500.0,1500,1500.0,1.0,40.0,0.25
3112,61360.0,-0.5661125,Vp,15.0,20,750.0,20.0,1500.0,1500,1500.0,1.0,40.0,0.25
3113,61370.0,-0.34412003,Vp,15.0,20,750.0,20.0,1500.0,1500,1500.0,1.0,40.0,0.25
3114,61380.0,-0.23482513,Vp,15.0,20,750.0,20.0,1500.0,1500,1500.0,1.0,40.0,0.25
3115,61390.0,-0.22808838,Vp,15.0,20,750.0,20.0,1500.0,1500,1500.0,1.0,40.0,0.25
3116,61400.0,-0.46502686,Vp,15.0,20,750.0,20.0,1500.0,1500,1500.0,1.0,40.0,0.25
3117,61410.0,-0.12448883,Vp,15.0,20,750.0,20.0,1500.0,1500,1500.0,1.0,40.0,0.25
3118,61420.0,-0.39104843,Vp,15.0,20,750.0,20.0,1500.0,1500,1500.0,1.0,40.0,0.25
3119,61430.0,-0.3309021,Vp,15.0,20,750.0,20.0,1500.0,1500,1500.0,1.0,40.0,0.25
3120,61440.0,-0.27576828,Vp,15.0,20,750.0,20.0,1500.0,1500,1500.0,1.0,40.0,0.25
3121,61450.0,-0.24464798,Vp,15.0,20,750.0,20.0,1500.0,1500,1500.0,1.0,40.0,0.25
3122,61460.0,-0.3083763,Vp,15.0,20,750.0,20.0,1500.0,1500,1500.0,1.0,40.0,0.25
3123,61470.0,-0.34047318,Vp,15.0,20,750.0,20.0,1500.0,1500,1500.0,1.0,40.0,0.25
3124,61480.0,-0.40499496,Vp,15.0,20,750.0,20.0,1500.0,1500,1500.0,1.0,40.0,0.25
3125,61490.0,-0.27439117,Vp,15.0,20,750.0,20.0,1500.0,1500,1500.0,1.0,40.0,0.25
3126,61500.0,-0.19031143,Vp,15.0,20,750.0,20.0,1500.0,1500,1500.0,1.0,40.0,0.25
3127,61510.0,-0.27135086,Vp,15.0,20,750.0,20.0,1500.0,1500,1500.0,1.0,40.0,0.25
3128,61520.0,-0.44210815,Vp,15.0,20,750.0,20.0,1500.0,1500,1500.0,1.0,40.0,0.25
3129,61530.0,-0.025466919,Vp,15.0,20,750.0,20.0,1500.0,1500,1500.0,1.0,40.0,0.25
3130,61540.0,-0.19942856,Vp,15.0,20,750.0,20.0,1500.0,1500,1500.0,1.0,40.0,0.25
3131,61550.0,-0.6610565,Vp,15.0,20,750.0,20.0,1500.0,1500,1500.0,1.0,40.0,0.25
3132,61560.0,-0.4911003,Vp,15.0,20,750.0,20.0,1500.0,1500,1500.0,1.0,40.0,0.25
3133,61570.0,-0.17477798,Vp,15.0,20,750.0,20.0,1500.0,1500,1500.0,1.0,40.0,0.25
3134,61580.0,-0.2090416,Vp,15.0,20,750.0,20.0,1500.0,1500,1500.0,1.0,40.0,0.25
3135,61590.0,-0.29361343,Vp,15.0,20,750.0,20.0,1500.0,1500,1500.0,1.0,40.0,0.25
3136,61600.0,-0.25593567,Vp,15.0,20,750.0,20.0,1500.0,1500,1500.0,1.0,40.0,0.25
3137,61610.0,-0.3599472,Vp,15.0,20,750.0,20.0,1500.0,1500,1500.0,1.0,40.0,0.25
3138,61620.0,-0.32805634,Vp,15.0,20,750.0,20.0,1500.0,1500,1500.0,1.0,40.0,0.25
3139,61630.0,-0.4520111,Vp,15.0,20,750.0,20.0,1500.0,1500,1500.0,1.0,40.0,0.25
3140,61640.0,-0.25242996,Vp,15.0,20,750.0,20.0,1500.0,1500,1500.0,1.0,40.0,0.25
3141,61650.0,-0.1890068,Vp,15.0,20,750.0,20.0,1500.0,1500,1500.0,1.0,40.0,0.25
3142,61660.0,-0.23001099,Vp,15.0,20,750.0,20.0,1500.0,1500,1500.0,1.0,40.0,0.25
3143,61670.0,-0.35333252,Vp,15.0,20,750.0,20.0,1500.0,1500,1500.0,1.0,40.0,0.25
3144,61680.0,-0.36587524,Vp,15.0,20,750.0,20.0,1500.0,1500,1500.0,1.0,40.0,0.25
3145,61690.0,-0.22465134,Vp,15.0,20,750.0,20.0,1500.0,1500,1500.0,1.0,40.0,0.25
3146,61700.0,-0.43201828,Vp,15.0,20,750.0,20.0,1500.0,1500,1500.0,1.0,40.0,0.25
3147,61710.0,-0.27963638,Vp,15.0,20,750.0,20.0,1500.0,1500,1500.0,1.0,40.0,0.25
3148,61720.0,-0.22857285,Vp,15.0,20,750.0,20.0,1500.0,1500,1500.0,1.0,40.0,0.25
3149,61730.0,-0.58060837,Vp,15.0,20,750.0,20.0,1500.0,1500,1500.0,1.0,40.0,0.25
3150,61740.0,-0.37301254,Vp,15.0,20,750.0,20.0,1500.0,1500,1500.0,1.0,40.0,0.25
3151,61750.0,-0.1986351,Vp,15.0,20,750.0,20.0,1500.0,1500,1500.0,1.0,40.0,0.25
3152,61760.0,-0.45470047,Vp,15.0,20,750.0,20.0,1500.0,1500,1500.0,1.0,40.0,0.25
3153,61770.0,-0.4837761,Vp,15.0,20,750.0,20.0,1500.0,1500,1500.0,1.0,40.0,0.25
3154,61780.0,-0.225914,Vp,15.0,20,750.0,20.0,1500.0,1500,1500.0,1.0,40.0,0.25
3155,61790.0,-0.4763565,Vp,15.0,20,750.0,20.0,1500.0,1500,1500.0,1.0,40.0,0.25
3156,61800.0,-0.56110764,Vp,15.0,20,750.0,20.0,1500.0,1500,1500.0,1.0,40.0,0.25
3157,61810.0,-0.11528015,Vp,15.0,20,750.0,20.0,1500.0,1500,1500.0,1.0,40.0,0.25
3158,61820.0,-0.27059555,Vp,15.0,20,750.0,20.0,1500.0,1500,1500.0,1.0,40.0,0.25
3159,61830.0,-0.61709595,Vp,15.0,20,750.0,20.0,1500.0,1500,1500.0,1.0,40.0,0.25
3160,61840.0,-0.58498,Vp,15.0,20,750.0,20.0,1500.0,1500,1500.0,1.0,40.0,0.25
3161,61850.0,-0.33544922,Vp,15.0,20,750.0,20.0,1500.0,1500,1500.0,1.0,40.0,0.25
3162,61860.0,-0.055480957,Vp,15.0,20,750.0,20.0,1500.0,1500,1500.0,1.0,40.0,0.25
3163,61870.0,-0.29890442,Vp,15.0,20,750.0,20.0,1500.0,1500,1500.0,1.0,40.0,0.25
3164,63790.0,-0.5212593,Vp,15.0,20,750.0,20.0,1500.0,1500,1500.0,1.0,40.0,0.25
3165,63800.0,-0.33885956,Vp,15.0,20,750.0,20.0,1500.0,1500,1500.0,1.0,40.0,0.25
3166,63810.0,-0.46473694,Vp,15.0,20,750.0,20.0,1500.0,1500,1500.0,1.0,40.0,0.25
3167,63820.0,-0.37490845,Vp,15.0,20,750.0,20.0,1500.0,1500,1500.0,1.0,40.0,0.25
3168,63830.0,-0.4741516,Vp,15.0,20,750.0,20.0,1500.0,1500,1500.0,1.0,40.0,0.25
3169,63840.0,-0.40577698,Vp,15.0,20,750.0,20.0,1500.0,1500,1500.0,1.0,40.0,0.25
3170,63850.0,-0.40641022,Vp,15.0,20,750.0,20.0,1500.0,1500,1500.0,1.0,40.0,0.25
3171,63860.0,-0.36730194,Vp,15.0,20,750.0,20.0,1500.0,1500,1500.0,1.0,40.0,0.25
3172,63870.0,-0.5836334,Vp,15.0,20,750.0,20.0,1500.0,1500,1500.0,1.0,40.0,0.25
3173,63880.0,-0.46832275,Vp,15.0,20,750.0,20.0,1500.0,1500,1500.0,1.0,40.0,0.25
3174,63890.0,-0.42308044,Vp,15.0,20,750.0,20.0,1500.0,1500,1500.0,1.0,40.0,0.25
3175,63900.0,-0.43837738,Vp,15.0,20,750.0,20.0,1500.0,1500,1500.0,1.0,40.0,0.25
3176,63910.0,-0.463562,Vp,15.0,20,750.0,20.0,1500.0,1500,1500.0,1.0,40.0,0.25
3177,63920.0,-0.34065628,Vp,15.0,20,750.0,20.0,1500.0,1500,1500.0,1.0,40.0,0.25
3178,63930.0,-0.24120331,Vp,15.0,20,750.0,20.0,1500.0,1500,1500.0,1.0,40.0,0.25
3179,63940.0,-0.53500366,Vp,15.0,20,750.0,20.0,1500.0,1500,1500.0,1.0,40.0,0.25
3180,63950.0,-0.37091064,Vp,15.0,20,750.0,20.0,1500.0,1500,1500.0,1.0,40.0,0.25
3181,63960.0,-0.26691437,Vp,15.0,20,750.0,20.0,1500.0,1500,1500.0,1.0,40.0,0.25
3182,63970.0,-0.5594902,Vp,15.0,20,750.0,20.0,1500.0,1500,1500.0,1.0,40.0,0.25
3183,63980.0,-0.40660095,Vp,15.0,20,750.0,20.0,1500.0,1500,1500.0,1.0,40.0,0.25
3184,63990.0,-0.20069122,Vp,15.0,20,750.0,20.0,1500.0,1500,1500.0,1.0,40.0,0.25
3185,64000.0,-0.36964417,Vp,15.0,20,750.0,20.0,1500.0,1500,1500.0,1.0,40.0,0.25
3186,64010.0,-0.4261856,Vp,15.0,20,750.0,20.0,1500.0,1500,1500.0,1.0,40.0,0.25
3187,64020.0,-0.37559128,Vp,15.0,20,750.0,20.0,1500.0,1500,1500.0,1.0,40.0,0.25
3188,64030.0,-0.4172058,Vp,15.0,20,750.0,20.0,1500.0,1500,1500.0,1.0,40.0,0.25
3189,64040.0,-0.44501114,Vp,15.0,20,750.0,20.0,1500.0,1500,1500.0,1.0,40.0,0.25
3190,64050.0,-0.30745316,Vp,15.0,20,750.0,20.0,1500.0,1500,1500.0,1.0,40.0,0.25
3191,64060.0,-0.56827927,Vp,15.0,20,750.0,20.0,1500.0,1500,1500.0,1.0,40.0,0.25
3192,64070.0,-0.414711,Vp,15.0,20,750.0,20.0,1500.0,1500,1500.0,1.0,40.0,0.25
3193,64080.0,-0.304451,Vp,15.0,20,750.0,20.0,1500.0,1500,1500.0,1.0,40.0,0.25
3194,64090.0,-0.20568085,Vp,15.0,20,750.0,20.0,1500.0,1500,1500.0,1.0,40.0,0.25
3195,64100.0,-0.41205215,Vp,15.0,20,750.0,20.0,1500.0,1500,1500.0,1.0,40.0,0.25
3196,64110.0,-0.2481041,Vp,15.0,20,750.0,20.0,1500.0,1500,1500.0,1.0,40.0,0.25
3197,64120.0,-0.38090897,Vp,15.0,20,750.0,20.0,1500.0,1500,1500.0,1.0,40.0,0.25
3198,64130.0,-0.54808044,Vp,15.0,20,750.0,20.0,1500.0,1500,1500.0,1.0,40.0,0.25
3199,64140.0,-0.25109482,Vp,15.0,20,750.0,20.0,1500.0,1500,1500.0,1.0,40.0,0.25
3200,64150.0,-0.29276276,Vp,15.0,20,750.0,20.0,1500.0,1500,1500.0,1.0,40.0,0.25
3201,64160.0,-0.4798317,Vp,15.0,20,750.0,20.0,1500.0,1500,1500.0,1.0,40.0,0.25
3202,64170.0,-0.5193939,Vp,15.0,20,750.0,20.0,1500.0,1500,1500.0,1.0,40.0,0.25
3203,64180.0,-0.36840057,Vp,15.0,20,750.0,20.0,1500.0,1500,1500.0,1.0,40.0,0.25
3204,64190.0,-0.38261795,Vp,15.0,20,750.0,20.0,1500.0,1500,1500.0,1.0,40.0,0.25
3205,64200.0,-0.42659378,Vp,15.0,20,750.0,20.0,1500.0,1500,1500.0,1.0,40.0,0.25
3206,64210.0,-0.61231995,Vp,15.0,20,750.0,20.0,1500.0,1500,1500.0,1.0,40.0,0.25
3207,64220.0,-0.39634323,Vp,15.0,20,750.0,20.0,1500.0,1500,1500.0,1.0,40.0,0.25
3208,64230.0,-0.299263,Vp,15.0,20,750.0,20.0,1500.0,1500,1500.0,1.0,40.0,0.25
3209,64240.0,-0.4804535,Vp,15.0,20,750.0,20.0,1500.0,1500,1500.0,1.0,40.0,0.25
3210,64250.0,-0.72733307,Vp,15.0,20,750.0,20.0,1500.0,1500,1500.0,1.0,40.0,0.25
3211,64260.0,-0.3304901,Vp,15.0,20,750.0,20.0,1500.0,1500,1500.0,1.0,40.0,0.25
3212,64270.0,-0.1040535,Vp,15.0,20,750.0,20.0,1500.0,1500,1500.0,1.0,40.0,0.25
3213,64280.0,-0.40114212,Vp,15.0,20,750.0,20.0,1500.0,1500,1500.0,1.0,40.0,0.25
3214,64290.0,-0.8002281,Vp,15.0,20,750.0,20.0,1500.0,1500,1500.0,1.0,40.0,0.25
3215,64300.0,-0.34993744,Vp,15.0,20,750.0,20.0,1500.0,1500,1500.0,1.0,40.0,0.25
3216,64310.0,-0.105293274,Vp,15.0,20,750.0,20.0,1500.0,1500,1500.0,1.0,40.0,0.25
3217,64320.0,-0.27376556,Vp,15.0,20,750.0,20.0,1500.0,1500,1500.0,1.0,40.0,0.25
3218,64330.0,-0.3950119,Vp,15.0,20,750.0,20.0,1500.0,1500,1500.0,1.0,40.0,0.25
3219,64340.0,-0.5615387,Vp,15.0,20,750.0,20.0,1500.0,1500,1500.0,1.0,40.0,0.25
3220,64350.0,-0.4194374,Vp,15.0,20,750.0,20.0,1500.0,1500,1500.0,1.0,40.0,0.25
3221,64360.0,-0.64326096,Vp,15.0,20,750.0,20.0,1500.0,1500,1500.0,1.0,40.0,0.25
3222,64370.0,-0.5827217,Vp,15.0,20,750.0,20.0,1500.0,1500,1500.0,1.0,40.0,0.25
3223,64380.0,-0.3980217,Vp,15.0,20,750.0,20.0,1500.0,1500,1500.0,1.0,40.0,0.25
3224,64390.0,-0.36421967,Vp,15.0,20,750.0,20.0,1500.0,1500,1500.0,1.0,40.0,0.25
3225,64400.0,-0.3619728,Vp,15.0,20,750.0,20.0,1500.0,1500,1500.0,1.0,40.0,0.25
3226,64410.0,-0.31598663,Vp,15.0,20,750.0,20.0,1500.0,1500,1500.0,1.0,40.0,0.25
3227,64420.0,-0.51784515,Vp,15.0,20,750.0,20.0,1500.0,1500,1500.0,1.0,40.0,0.25
3228,64430.0,-0.5141182,Vp,15.0,20,750.0,20.0,1500.0,1500,1500.0,1.0,40.0,0.25
3229,64440.0,-0.16199875,Vp,15.0,20,750.0,20.0,1500.0,1500,1500.0,1.0,40.0,0.25
3230,64450.0,-0.37149048,Vp,15.0,20,750.0,20.0,1500.0,1500,1500.0,1.0,40.0,0.25
3231,64460.0,-0.6339607,Vp,15.0,20,750.0,20.0,1500.0,1500,1500.0,1.0,40.0,0.25
3232,64470.0,-0.72792053,Vp,15.0,20,750.0,20.0,1500.0,1500,1500.0,1.0,40.0,0.25
3233,64480.0,-0.22625351,Vp,15.0,20,750.0,20.0,1500.0,1500,1500.0,1.0,40.0,0.25
3234,64490.0,-0.2598343,Vp,15.0,20,750.0,20.0,1500.0,1500,1500.0,1.0,40.0,0.25
3235,64500.0,-0.34753418,Vp,15.0,20,750.0,20.0,1500.0,1500,1500.0,1.0,40.0,0.25
3236,64510.0,-0.5124512,Vp,15.0,20,750.0,20.0,1500.0,1500,1500.0,1.0,40.0,0.25
3237,64520.0,-0.41088486,Vp,15.0,20,750.0,20.0,1500.0,1500,1500.0,1.0,40.0,0.25
3238,64530.0,-0.4907303,Vp,15.0,20,750.0,20.0,1500.0,1500,1500.0,1.0,40.0,0.25
3239,64540.0,0.052131653,Vp,15.0,20,750.0,20.0,1500.0,1500,1500.0,1.0,40.0,0.25
3240,64550.0,5.016243,Vp,15.0,20,750.0,20.0,1500.0,1500,1500.0,1.0,40.0,0.25
3241,64560.0,6.7036743,Vp,15.0,20,750.0,20.0,1500.0,1500,1500.0,1.0,40.0,0.25
3242,64570.0,5.7808914,Vp,15.0,20,750.0,20.0,1500.0,1500,1500.0,1.0,40.0,0.25
3243,64580.0,4.5146484,Vp,15.0,20,750.0,20.0,1500.0,1500,1500.0,1.0,40.0,0.25
3244,64590.0,3.5150223,Vp,15.0,20,750.0,20.0,1500.0,1500,1500.0,1.0,40.0,0.25
3245,64600.0,2.8666954,Vp,15.0,20,750.0,20.0,1500.0,1500,1500.0,1.0,40.0,0.25
3246,64610.0,2.4107208,Vp,15.0,20,750.0,20.0,1500.0,1500,1500.0,1.0,40.0,0.25
3247,64620.0,2.1077309,Vp,15.0,20,750.0,20.0,1500.0,1500,1500.0,1.0,40.0,0.25
3248,64630.0,1.9233513,Vp,15.0,20,750.0,20.0,1500.0,1500,1500.0,1.0,40.0,0.25
3249,64640.0,1.7793121,Vp,15.0,20,750.0,20.0,1500.0,1500,1500.0,1.0,40.0,0.25
3250,64650.0,1.6755409,Vp,15.0,20,750.0,20.0,1500.0,1500,1500.0,1.0,40.0,0.25
3251,64660.0,1.6096954,Vp,15.0,20,750.0,20.0,1500.0,1500,1500.0,1.0,40.0,0.25
3252,64670.0,1.5652275,Vp,15.0,20,750.0,20.0,1500.0,1500,1500.0,1.0,40.0,0.25
3253,64680.0,1.5129013,Vp,15.0,20,750.0,20.0,1500.0,1500,1500.0,1.0,40.0,0.25
3254,64690.0,1.4609184,Vp,15.0,20,750.0,20.0,1500.0,1500,1500.0,1.0,40.0,0.25
3255,64700.0,1.4237099,Vp,15.0,20,750.0,20.0,1500.0,1500,1500.0,1.0,40.0,0.25
3256,64710.0,1.3704185,Vp,15.0,20,750.0,20.0,1500.0,1500,1500.0,1.0,40.0,0.25
3257,64720.0,1.3496933,Vp,15.0,20,750.0,20.0,1500.0,1500,1500.0,1.0,40.0,0.25
3258,64730.0,1.3132515,Vp,15.0,20,750.0,20.0,1500.0,1500,1500.0,1.0,40.0,0.25
3259,64740.0,1.278122,Vp,15.0,20,750.0,20.0,1500.0,1500,1500.0,1.0,40.0,0.25
3260,64750.0,1.2549515,Vp,15.0,20,750.0,20.0,1500.0,1500,1500.0,1.0,40.0,0.25
3261,64760.0,1.1919441,Vp,15.0,20,750.0,20.0,1500.0,1500,1500.0,1.0,40.0,0.25
3262,64770.0,1.1365471,Vp,15.0,20,750.0,20.0,1500.0,1500,1500.0,1.0,40.0,0.25
3263,64780.0,1.0899658,Vp,15.0,20,750.0,20.0,1500.0,1500,1500.0,1.0,40.0,0.25
3264,64790.0,1.0135345,Vp,15.0,20,750.0,20.0,1500.0,1500,1500.0,1.0,40.0,0.25
3265,64800.0,0.9394951,Vp,15.0,20,750.0,20.0,1500.0,1500,1500.0,1.0,40.0,0.25
3266,64810.0,0.8663101,Vp,15.0,20,750.0,20.0,1500.0,1500,1500.0,1.0,40.0,0.25
3267,64820.0,0.77090454,Vp,15.0,20,750.0,20.0,1500.0,1500,1500.0,1.0,40.0,0.25
3268,64830.0,0.69498825,Vp,15.0,20,750.0,20.0,1500.0,1500,1500.0,1.0,40.0,0.25
3269,64840.0,0.5120926,Vp,15.0,20,750.0,20.0,1500.0,1500,1500.0,1.0,40.0,0.25
3270,64850.0,0.33083344,Vp,15.0,20,750.0,20.0,1500.0,1500,1500.0,1.0,40.0,0.25
3271,64860.0,0.25206375,Vp,15.0,20,750.0,20.0,1500.0,1500,1500.0,1.0,40.0,0.25
3272,64870.0,0.2253151,Vp,15.0,20,750.0,20.0,1500.0,1500,1500.0,1.0,40.0,0.25
3273,64880.0,0.16931915,Vp,15.0,20,750.0,20.0,1500.0,1500,1500.0,1.0,40.0,0.25
3274,64890.0,-0.007675171,Vp,15.0,20,750.0,20.0,1500.0,1500,1500.0,1.0,40.0,0.25
3275,64900.0,-0.0971756,Vp,15.0,20,750.0,20.0,1500.0,1500,1500.0,1.0,40.0,0.25
3276,64910.0,-0.21129227,Vp,15.0,20,750.0,20.0,1500.0,1500,1500.0,1.0,40.0,0.25
3277,64920.0,-0.16416168,Vp,15.0,20,750.0,20.0,1500.0,1500,1500.0,1.0,40.0,0.25
3278,64930.0,-0.23422241,Vp,15.0,20,750.0,20.0,1500.0,1500,1500.0,1.0,40.0,0.25
3279,64940.0,-0.153759,Vp,15.0,20,750.0,20.0,1500.0,1500,1500.0,1.0,40.0,0.25
3280,64950.0,-0.2407074,Vp,15.0,20,750.0,20.0,1500.0,1500,1500.0,1.0,40.0,0.25
3281,64960.0,-0.2632866,Vp,15.0,20,750.0,20.0,1500.0,1500,1500.0,1.0,40.0,0.25
3282,64970.0,-0.083221436,Vp,15.0,20,750.0,20.0,1500.0,1500,1500.0,1.0,40.0,0.25
3283,64980.0,-0.16035461,Vp,15.0,20,750.0,20.0,1500.0,1500,1500.0,1.0,40.0,0.25
3284,64990.0,-0.3950119,Vp,15.0,20,750.0,20.0,1500.0,1500,1500.0,1.0,40.0,0.25
3285,65000.0,-0.35904694,Vp,15.0,20,750.0,20.0,1500.0,1500,1500.0,1.0,40.0,0.25
3286,65010.0,-0.12632751,Vp,15.0,20,750.0,20.0,1500.0,1500,1500.0,1.0,40.0,0.25
3287,65020.0,-0.32546234,Vp,15.0,20,750.0,20.0,1500.0,1500,1500.0,1.0,40.0,0.25
3288,65030.0,-0.33407593,Vp,15.0,20,750.0,20.0,1500.0,1500,1500.0,1.0,40.0,0.25
3289,65040.0,-0.26006317,Vp,15.0,20,750.0,20.0,1500.0,1500,1500.0,1.0,40.0,0.25
3290,65050.0,-0.19916153,Vp,15.0,20,750.0,20.0,1500.0,1500,1500.0,1.0,40.0,0.25
3291,65060.0,-0.17496109,Vp,15.0,20,750.0,20.0,1500.0,1500,1500.0,1.0,40.0,0.25
3292,65070.0,-0.42007446,Vp,15.0,20,750.0,20.0,1500.0,1500,1500.0,1.0,40.0,0.25
3293,65080.0,-0.4615097,Vp,15.0,20,750.0,20.0,1500.0,1500,1500.0,1.0,40.0,0.25
3294,65090.0,-0.21116638,Vp,15.0,20,750.0,20.0,1500.0,1500,1500.0,1.0,40.0,0.25
3295,65100.0,-0.12903595,Vp,15.0,20,750.0,20.0,1500.0,1500,1500.0,1.0,40.0,0.25
3296,65110.0,-0.25834656,Vp,15.0,20,750.0,20.0,1500.0,1500,1500.0,1.0,40.0,0.25
3297,65120.0,-0.23875809,Vp,15.0,20,750.0,20.0,1500.0,1500,1500.0,1.0,40.0,0.25
3298,65130.0,-0.13063812,Vp,15.0,20,750.0,20.0,1500.0,1500,1500.0,1.0,40.0,0.25
3299,65140.0,-0.24136734,Vp,15.0,20,750.0,20.0,1500.0,1500,1500.0,1.0,40.0,0.25
3300,65150.0,-0.22856522,Vp,15.0,20,750.0,20.0,1500.0,1500,1500.0,1.0,40.0,0.25
3301,65160.0,-0.040252686,Vp,15.0,20,750.0,20.0,1500.0,1500,1500.0,1.0,40.0,0.25
3302,65170.0,-0.1347084,Vp,15.0,20,750.0,20.0,1500.0,1500,1500.0,1.0,40.0,0.25
3303,65180.0,-0.31142426,Vp,15.0,20,750.0,20.0,1500.0,1500,1500.0,1.0,40.0,0.25
3304,65190.0,-0.28982162,Vp,15.0,20,750.0,20.0,1500.0,1500,1500.0,1.0,40.0,0.25
3305,65200.0,-0.18441772,Vp,15.0,20,750.0,20.0,1500.0,1500,1500.0,1.0,40.0,0.25
3306,65210.0,-0.40685272,Vp,15.0,20,750.0,20.0,1500.0,1500,1500.0,1.0,40.0,0.25
3307,65220.0,-0.3242607,Vp,15.0,20,750.0,20.0,1500.0,1500,1500.0,1.0,40.0,0.25
3308,65230.0,-0.026424408,Vp,15.0,20,750.0,20.0,1500.0,1500,1500.0,1.0,40.0,0.25
3309,65240.0,-0.13702774,Vp,15.0,20,750.0,20.0,1500.0,1500,1500.0,1.0,40.0,0.25
3310,65250.0,-0.23844147,Vp,15.0,20,750.0,20.0,1500.0,1500,1500.0,1.0,40.0,0.25
3311,65260.0,-0.2865982,Vp,15.0,20,750.0,20.0,1500.0,1500,1500.0,1.0,40.0,0.25
3312,65270.0,-0.25548935,Vp,15.0,20,750.0,20.0,1500.0,1500,1500.0,1.0,40.0,0.25
3313,65280.0,-0.2579956,Vp,15.0,20,750.0,20.0,1500.0,1500,1500.0,1.0,40.0,0.25
3314,65290.0,-0.2730484,Vp,15.0,20,750.0,20.0,1500.0,1500,1500.0,1.0,40.0,0.25
3315,65300.0,-0.12979126,Vp,15.0,20,750.0,20.0,1500.0,1500,1500.0,1.0,40.0,0.25
3316,65310.0,-0.16284943,Vp,15.0,20,750.0,20.0,1500.0,1500,1500.0,1.0,40.0,0.25
3317,65320.0,-0.45243073,Vp,15.0,20,750.0,20.0,1500.0,1500,1500.0,1.0,40.0,0.25
3318,65330.0,-0.24161911,Vp,15.0,20,750.0,20.0,1500.0,1500,1500.0,1.0,40.0,0.25
3319,65340.0,-0.121025085,Vp,15.0,20,750.0,20.0,1500.0,1500,1500.0,1.0,40.0,0.25
3320,65350.0,-0.26576996,Vp,15.0,20,750.0,20.0,1500.0,1500,1500.0,1.0,40.0,0.25
3321,65360.0,-0.24180984,Vp,15.0,20,750.0,20.0,1500.0,1500,1500.0,1.0,40.0,0.25
3322,65370.0,-0.061725616,Vp,15.0,20,750.0,20.0,1500.0,1500,1500.0,1.0,40.0,0.25
3323,65380.0,-0.19693375,Vp,15.0,20,750.0,20.0,1500.0,1500,1500.0,1.0,40.0,0.25
3324,65390.0,-0.23540115,Vp,15.0,20,750.0,20.0,1500.0,1500,1500.0,1.0,40.0,0.25
3325,65400.0,-0.25007248,Vp,15.0,20,750.0,20.0,1500.0,1500,1500.0,1.0,40.0,0.25
3326,65410.0,-0.07942963,Vp,15.0,20,750.0,20.0,1500.0,1500,1500.0,1.0,40.0,0.25
3327,65420.0,-0.16637802,Vp,15.0,20,750.0,20.0,1500.0,1500,1500.0,1.0,40.0,0.25
3328,65430.0,-0.63258743,Vp,15.0,20,750.0,20.0,1500.0,1500,1500.0,1.0,40.0,0.25
3329,65440.0,-0.34466934,Vp,15.0,20,750.0,20.0,1500.0,1500,1500.0,1.0,40.0,0.25
3330,65450.0,-0.16244507,Vp,15.0,20,750.0,20.0,1500.0,1500,1500.0,1.0,40.0,0.25
3331,65460.0,-0.20864105,Vp,15.0,20,750.0,20.0,1500.0,1500,1500.0,1.0,40.0,0.25
3332,65470.0,-0.27500534,Vp,15.0,20,750.0,20.0,1500.0,1500,1500.0,1.0,40.0,0.25
3333,65480.0,-0.41971207,Vp,15.0,20,750.0,20.0,1500.0,1500,1500.0,1.0,40.0,0.25
3334,65490.0,-0.30594254,Vp,15.0,20,750.0,20.0,1500.0,1500,1500.0,1.0,40.0,0.25
3335,65500.0,-0.26016998,Vp,15.0,20,750.0,20.0,1500.0,1500,1500.0,1.0,40.0,0.25
3336,65510.0,-0.27781677,Vp,15.0,20,750.0,20.0,1500.0,1500,1500.0,1.0,40.0,0.25
3337,65520.0,-0.32891846,Vp,15.0,20,750.0,20.0,1500.0,1500,1500.0,1.0,40.0,0.25
3338,65530.0,-0.2602005,Vp,15.0,20,750.0,20.0,1500.0,1500,1500.0,1.0,40.0,0.25
3339,65540.0,-0.2590027,Vp,15.0,20,750.0,20.0,1500.0,1500,1500.0,1.0,40.0,0.25
3340,65550.0,-0.32878494,Vp,15.0,20,750.0,20.0,1500.0,1500,1500.0,1.0,40.0,0.25
3341,65560.0,-0.20210648,Vp,15.0,20,750.0,20.0,1500.0,1500,1500.0,1.0,40.0,0.25
3342,65570.0,-0.37698746,Vp,15.0,20,750.0,20.0,1500.0,1500,1500.0,1.0,40.0,0.25
3343,65580.0,-0.4365158,Vp,15.0,20,750.0,20.0,1500.0,1500,1500.0,1.0,40.0,0.25
3344,65590.0,-0.5478859,Vp,15.0,20,750.0,20.0,1500.0,1500,1500.0,1.0,40.0,0.25
3345,65600.0,-0.35754013,Vp,15.0,20,750.0,20.0,1500.0,1500,1500.0,1.0,40.0,0.25
3346,65610.0,-0.11136246,Vp,15.0,20,750.0,20.0,1500.0,1500,1500.0,1.0,40.0,0.25
3347,65620.0,-0.24179077,Vp,15.0,20,750.0,20.0,1500.0,1500,1500.0,1.0,40.0,0.25
3348,65630.0,-0.65509415,Vp,15.0,20,750.0,20.0,1500.0,1500,1500.0,1.0,40.0,0.25
3349,65640.0,-0.26473618,Vp,15.0,20,750.0,20.0,1500.0,1500,1500.0,1.0,40.0,0.25
3350,65650.0,0.03533554,Vp,15.0,20,750.0,20.0,1500.0,1500,1500.0,1.0,40.0,0.25
3351,65660.0,-0.28582764,Vp,15.0,20,750.0,20.0,1500.0,1500,1500.0,1.0,40.0,0.25
3352,65670.0,-0.50761795,Vp,15.0,20,750.0,20.0,1500.0,1500,1500.0,1.0,40.0,0.25
3353,65680.0,-0.25354767,Vp,15.0,20,750.0,20.0,1500.0,1500,1500.0,1.0,40.0,0.25
3354,65690.0,-0.27370453,Vp,15.0,20,750.0,20.0,1500.0,1500,1500.0,1.0,40.0,0.25
3355,65700.0,-0.24069977,Vp,15.0,20,750.0,20.0,1500.0,1500,1500.0,1.0,40.0,0.25
3356,65710.0,-0.2000618,Vp,15.0,20,750.0,20.0,1500.0,1500,1500.0,1.0,40.0,0.25
3357,65720.0,-0.3776703,Vp,15.0,20,750.0,20.0,1500.0,1500,1500.0,1.0,40.0,0.25
3358,65730.0,-0.46154022,Vp,15.0,20,750.0,20.0,1500.0,1500,1500.0,1.0,40.0,0.25
3359,65740.0,-0.71266556,Vp,15.0,20,750.0,20.0,1500.0,1500,1500.0,1.0,40.0,0.25
3360,65750.0,0.24427414,Vp,15.0,20,750.0,20.0,1500.0,1500,1500.0,1.0,40.0,0.25
3361,65760.0,0.013530731,Vp,15.0,20,750.0,20.0,1500.0,1500,1500.0,1.0,40.0,0.25
3362,65770.0,-0.47047806,Vp,15.0,20,750.0,20.0,1500.0,1500,1500.0,1.0,40.0,0.25
3363,65780.0,-0.4505043,Vp,15.0,20,750.0,20.0,1500.0,1500,1500.0,1.0,40.0,0.25
3364,65790.0,0.00793457,Vp,15.0,20,750.0,20.0,1500.0,1500,1500.0,1.0,40.0,0.25
3365,65800.0,-0.4560585,Vp,15.0,20,750.0,20.0,1500.0,1500,1500.0,1.0,40.0,0.25
3366,65810.0,-0.4763298,Vp,15.0,20,750.0,20.0,1500.0,1500,1500.0,1.0,40.0,0.25
3367,65820.0,-0.23848343,Vp,15.0,20,750.0,20.0,1500.0,1500,1500.0,1.0,40.0,0.25
3368,65830.0,-0.36385727,Vp,15.0,20,750.0,20.0,1500.0,1500,1500.0,1.0,40.0,0.25
3369,65840.0,-0.5947342,Vp,15.0,20,750.0,20.0,1500.0,1500,1500.0,1.0,40.0,0.25
3370,65850.0,-0.43845367,Vp,15.0,20,750.0,20.0,1500.0,1500,1500.0,1.0,40.0,0.25
3371,65860.0,-0.19509125,Vp,15.0,20,750.0,20.0,1500.0,1500,1500.0,1.0,40.0,0.25
3372,65870.0,-0.35265732,Vp,15.0,20,750.0,20.0,1500.0,1500,1500.0,1.0,40.0,0.25
3373,65880.0,-0.55286026,Vp,15.0,20,750.0,20.0,1500.0,1500,1500.0,1.0,40.0,0.25
3374,65890.0,-0.65187454,Vp,15.0,20,750.0,20.0,1500.0,1500,1500.0,1.0,40.0,0.25
3375,65900.0,-0.054992676,Vp,15.0,20,750.0,20.0,1500.0,1500,1500.0,1.0,40.0,0.25
3376,65910.0,-0.21751022,Vp,15.0,20,750.0,20.0,1500.0,1500,1500.0,1.0,40.0,0.25
3377,65920.0,-0.27890778,Vp,15.0,20,750.0,20.0,1500.0,1500,1500.0,1.0,40.0,0.25
3378,65930.0,-0.3312111,Vp,15.0,20,750.0,20.0,1500.0,1500,1500.0,1.0,40.0,0.25
3379,65940.0,-0.38689804,Vp,15.0,20,750.0,20.0,1500.0,1500,1500.0,1.0,40.0,0.25
3380,65950.0,-0.28503418,Vp,15.0,20,750.0,20.0,1500.0,1500,1500.0,1.0,40.0,0.25
3381,65960.0,-0.47089005,Vp,15.0,20,750.0,20.0,1500.0,1500,1500.0,1.0,40.0,0.25
3382,65970.0,-0.3792343,Vp,15.0,20,750.0,20.0,1500.0,1500,1500.0,1.0,40.0,0.25
3383,65980.0,-0.44156647,Vp,15.0,20,750.0,20.0,1500.0,1500,1500.0,1.0,40.0,0.25
3384,65990.0,-0.44465637,Vp,15.0,20,750.0,20.0,1500.0,1500,1500.0,1.0,40.0,0.25
3385,66000.0,-0.29484558,Vp,15.0,20,750.0,20.0,1500.0,1500,1500.0,1.0,40.0,0.25
3386,66010.0,-0.17131042,Vp,15.0,20,750.0,20.0,1500.0,1500,1500.0,1.0,40.0,0.25
3387,66020.0,-0.5185127,Vp,15.0,20,750.0,20.0,1500.0,1500,1500.0,1.0,40.0,0.25
3388,66030.0,-0.45775986,Vp,15.0,20,750.0,20.0,1500.0,1500,1500.0,1.0,40.0,0.25
3389,66040.0,-0.41548538,Vp,15.0,20,750.0,20.0,1500.0,1500,1500.0,1.0,40.0,0.25
3390,68560.0,-0.3418541,Vp,15.0,20,750.0,20.0,1500.0,1500,1500.0,1.0,40.0,0.25
3391,68570.0,-0.40981293,Vp,15.0,20,750.0,20.0,1500.0,1500,1500.0,1.0,40.0,0.25
3392,68580.0,-0.43235016,Vp,15.0,20,750.0,20.0,1500.0,1500,1500.0,1.0,40.0,0.25
3393,68590.0,-0.5346985,Vp,15.0,20,750.0,20.0,1500.0,1500,1500.0,1.0,40.0,0.25
3394,68600.0,-0.49295807,Vp,15.0,20,750.0,20.0,1500.0,1500,1500.0,1.0,40.0,0.25
3395,68610.0,-0.5050545,Vp,15.0,20,750.0,20.0,1500.0,1500,1500.0,1.0,40.0,0.25
3396,68620.0,-0.72447586,Vp,15.0,20,750.0,20.0,1500.0,1500,1500.0,1.0,40.0,0.25
3397,68630.0,-0.063495636,Vp,15.0,20,750.0,20.0,1500.0,1500,1500.0,1.0,40.0,0.25
3398,68640.0,-0.13049698,Vp,15.0,20,750.0,20.0,1500.0,1500,1500.0,1.0,40.0,0.25
3399,68650.0,-0.31462097,Vp,15.0,20,750.0,20.0,1500.0,1500,1500.0,1.0,40.0,0.25
3400,68660.0,-0.285244,Vp,15.0,20,750.0,20.0,1500.0,1500,1500.0,1.0,40.0,0.25
3401,68670.0,-0.38502884,Vp,15.0,20,750.0,20.0,1500.0,1500,1500.0,1.0,40.0,0.25
3402,68680.0,-0.5196724,Vp,15.0,20,750.0,20.0,1500.0,1500,1500.0,1.0,40.0,0.25
3403,68690.0,-0.38131332,Vp,15.0,20,750.0,20.0,1500.0,1500,1500.0,1.0,40.0,0.25
3404,68700.0,-0.22484589,Vp,15.0,20,750.0,20.0,1500.0,1500,1500.0,1.0,40.0,0.25
3405,68710.0,-0.42041016,Vp,15.0,20,750.0,20.0,1500.0,1500,1500.0,1.0,40.0,0.25
3406,68720.0,-0.5737877,Vp,15.0,20,750.0,20.0,1500.0,1500,1500.0,1.0,40.0,0.25
3407,68730.0,-0.56319046,Vp,15.0,20,750.0,20.0,1500.0,1500,1500.0,1.0,40.0,0.25
3408,68740.0,-0.18264389,Vp,15.0,20,750.0,20.0,1500.0,1500,1500.0,1.0,40.0,0.25
3409,68750.0,-0.31536102,Vp,15.0,20,750.0,20.0,1500.0,1500,1500.0,1.0,40.0,0.25
3410,68760.0,-0.29269028,Vp,15.0,20,750.0,20.0,1500.0,1500,1500.0,1.0,40.0,0.25
3411,68770.0,-0.36120987,Vp,15.0,20,750.0,20.0,1500.0,1500,1500.0,1.0,40.0,0.25
3412,68780.0,-0.35713577,Vp,15.0,20,750.0,20.0,1500.0,1500,1500.0,1.0,40.0,0.25
3413,68790.0,-0.47600937,Vp,15.0,20,750.0,20.0,1500.0,1500,1500.0,1.0,40.0,0.25
3414,68800.0,-0.50232315,Vp,15.0,20,750.0,20.0,1500.0,1500,1500.0,1.0,40.0,0.25
3415,68810.0,-0.4071617,Vp,15.0,20,750.0,20.0,1500.0,1500,1500.0,1.0,40.0,0.25
3416,68820.0,-0.61935043,Vp,15.0,20,750.0,20.0,1500.0,1500,1500.0,1.0,40.0,0.25
3417,68830.0,-0.33353043,Vp,15.0,20,750.0,20.0,1500.0,1500,1500.0,1.0,40.0,0.25
3418,68840.0,-0.08459854,Vp,15.0,20,750.0,20.0,1500.0,1500,1500.0,1.0,40.0,0.25
3419,68850.0,-0.29328918,Vp,15.0,20,750.0,20.0,1500.0,1500,1500.0,1.0,40.0,0.25
3420,68860.0,-0.5234566,Vp,15.0,20,750.0,20.0,1500.0,1500,1500.0,1.0,40.0,0.25
3421,68870.0,-0.56713486,Vp,15.0,20,750.0,20.0,1500.0,1500,1500.0,1.0,40.0,0.25
3422,68880.0,-0.47247314,Vp,15.0,20,750.0,20.0,1500.0,1500,1500.0,1.0,40.0,0.25
3423,68890.0,-0.22578049,Vp,15.0,20,750.0,20.0,1500.0,1500,1500.0,1.0,40.0,0.25
3424,68900.0,-0.26417542,Vp,15.0,20,750.0,20.0,1500.0,1500,1500.0,1.0,40.0,0.25
3425,68910.0,-0.6819191,Vp,15.0,20,750.0,20.0,1500.0,1500,1500.0,1.0,40.0,0.25
3426,68920.0,-0.5215416,Vp,15.0,20,750.0,20.0,1500.0,1500,1500.0,1.0,40.0,0.25
3427,68930.0,-0.38924408,Vp,15.0,20,750.0,20.0,1500.0,1500,1500.0,1.0,40.0,0.25
3428,68940.0,-0.3565483,Vp,15.0,20,750.0,20.0,1500.0,1500,1500.0,1.0,40.0,0.25
3429,68950.0,-0.33148956,Vp,15.0,20,750.0,20.0,1500.0,1500,1500.0,1.0,40.0,0.25
3430,68960.0,-0.5953522,Vp,15.0,20,750.0,20.0,1500.0,1500,1500.0,1.0,40.0,0.25
3431,68970.0,-0.36730194,Vp,15.0,20,750.0,20.0,1500.0,1500,1500.0,1.0,40.0,0.25
3432,68980.0,-0.26384354,Vp,15.0,20,750.0,20.0,1500.0,1500,1500.0,1.0,40.0,0.25
3433,68990.0,-0.5516052,Vp,15.0,20,750.0,20.0,1500.0,1500,1500.0,1.0,40.0,0.25
3434,69000.0,-0.6763382,Vp,15.0,20,750.0,20.0,1500.0,1500,1500.0,1.0,40.0,0.25
3435,69010.0,-0.27779388,Vp,15.0,20,750.0,20.0,1500.0,1500,1500.0,1.0,40.0,0.25
3436,69020.0,-0.24058533,Vp,15.0,20,750.0,20.0,1500.0,1500,1500.0,1.0,40.0,0.25
3437,69030.0,-0.5286484,Vp,15.0,20,750.0,20.0,1500.0,1500,1500.0,1.0,40.0,0.25
3438,69040.0,-0.6043968,Vp,15.0,20,750.0,20.0,1500.0,1500,1500.0,1.0,40.0,0.25
3439,69050.0,-0.14606476,Vp,15.0,20,750.0,20.0,1500.0,1500,1500.0,1.0,40.0,0.25
3440,69060.0,-0.10723877,Vp,15.0,20,750.0,20.0,1500.0,1500,1500.0,1.0,40.0,0.25
3441,69070.0,-0.5205536,Vp,15.0,20,750.0,20.0,1500.0,1500,1500.0,1.0,40.0,0.25
3442,69080.0,-0.68224335,Vp,15.0,20,750.0,20.0,1500.0,1500,1500.0,1.0,40.0,0.25
3443,69090.0,-0.44084167,Vp,15.0,20,750.0,20.0,1500.0,1500,1500.0,1.0,40.0,0.25
3444,69100.0,-0.3853569,Vp,15.0,20,750.0,20.0,1500.0,1500,1500.0,1.0,40.0,0.25
3445,69110.0,-0.43764496,Vp,15.0,20,750.0,20.0,1500.0,1500,1500.0,1.0,40.0,0.25
3446,69120.0,-0.3895073,Vp,15.0,20,750.0,20.0,1500.0,1500,1500.0,1.0,40.0,0.25
3447,69130.0,-0.6069412,Vp,15.0,20,750.0,20.0,1500.0,1500,1500.0,1.0,40.0,0.25
3448,69140.0,-0.6900101,Vp,15.0,20,750.0,20.0,1500.0,1500,1500.0,1.0,40.0,0.25
3449,69150.0,-0.3405304,Vp,15.0,20,750.0,20.0,1500.0,1500,1500.0,1.0,40.0,0.25
3450,69160.0,-0.19090652,Vp,15.0,20,750.0,20.0,1500.0,1500,1500.0,1.0,40.0,0.25
3451,69170.0,-0.42993927,Vp,15.0,20,750.0,20.0,1500.0,1500,1500.0,1.0,40.0,0.25
3452,69180.0,-0.478405,Vp,15.0,20,750.0,20.0,1500.0,1500,1500.0,1.0,40.0,0.25
3453,69190.0,-0.4458084,Vp,15.0,20,750.0,20.0,1500.0,1500,1500.0,1.0,40.0,0.25
3454,69200.0,-0.28768158,Vp,15.0,20,750.0,20.0,1500.0,1500,1500.0,1.0,40.0,0.25
3455,69210.0,-0.38659668,Vp,15.0,20,750.0,20.0,1500.0,1500,1500.0,1.0,40.0,0.25
3456,69220.0,-0.5053482,Vp,15.0,20,750.0,20.0,1500.0,1500,1500.0,1.0,40.0,0.25
3457,69230.0,-0.17947006,Vp,15.0,20,750.0,20.0,1500.0,1500,1500.0,1.0,40.0,0.25
3458,69240.0,-0.20769882,Vp,15.0,20,750.0,20.0,1500.0,1500,1500.0,1.0,40.0,0.25
3459,69250.0,-0.36487198,Vp,15.0,20,750.0,20.0,1500.0,1500,1500.0,1.0,40.0,0.25
3460,69260.0,-0.35128403,Vp,15.0,20,750.0,20.0,1500.0,1500,1500.0,1.0,40.0,0.25
3461,69270.0,-0.21977615,Vp,15.0,20,750.0,20.0,1500.0,1500,1500.0,1.0,40.0,0.25
3462,69280.0,-0.4935875,Vp,15.0,20,750.0,20.0,1500.0,1500,1500.0,1.0,40.0,0.25
3463,69290.0,-0.715847,Vp,15.0,20,750.0,20.0,1500.0,1500,1500.0,1.0,40.0,0.25
3464,69300.0,-0.4339981,Vp,15.0,20,750.0,20.0,1500.0,1500,1500.0,1.0,40.0,0.25
3465,69310.0,0.42835617,Vp,15.0,20,750.0,20.0,1500.0,1500,1500.0,1.0,40.0,0.25
3466,69320.0,4.9737854,Vp,15.0,20,750.0,20.0,1500.0,1500,1500.0,1.0,40.0,0.25
3467,69330.0,6.6515884,Vp,15.0,20,750.0,20.0,1500.0,1500,1500.0,1.0,40.0,0.25
3468,69340.0,5.6788025,Vp,15.0,20,750.0,20.0,1500.0,1500,1500.0,1.0,40.0,0.25
3469,69350.0,4.4229965,Vp,15.0,20,750.0,20.0,1500.0,1500,1500.0,1.0,40.0,0.25
3470,69360.0,3.41354,Vp,15.0,20,750.0,20.0,1500.0,1500,1500.0,1.0,40.0,0.25
3471,69370.0,2.7746315,Vp,15.0,20,750.0,20.0,1500.0,1500,1500.0,1.0,40.0,0.25
3472,69380.0,2.3356972,Vp,15.0,20,750.0,20.0,1500.0,1500,1500.0,1.0,40.0,0.25
3473,69390.0,2.0278587,Vp,15.0,20,750.0,20.0,1500.0,1500,1500.0,1.0,40.0,0.25
3474,69400.0,1.8432007,Vp,15.0,20,750.0,20.0,1500.0,1500,1500.0,1.0,40.0,0.25
3475,69410.0,1.7430878,Vp,15.0,20,750.0,20.0,1500.0,1500,1500.0,1.0,40.0,0.25
3476,69420.0,1.6471977,Vp,15.0,20,750.0,20.0,1500.0,1500,1500.0,1.0,40.0,0.25
3477,69430.0,1.5944824,Vp,15.0,20,750.0,20.0,1500.0,1500,1500.0,1.0,40.0,0.25
3478,69440.0,1.5378075,Vp,15.0,20,750.0,20.0,1500.0,1500,1500.0,1.0,40.0,0.25
3479,69450.0,1.491108,Vp,15.0,20,750.0,20.0,1500.0,1500,1500.0,1.0,40.0,0.25
3480,69460.0,1.4936752,Vp,15.0,20,750.0,20.0,1500.0,1500,1500.0,1.0,40.0,0.25
3481,69470.0,1.4363708,Vp,15.0,20,750.0,20.0,1500.0,1500,1500.0,1.0,40.0,0.25
3482,69480.0,1.4241371,Vp,15.0,20,750.0,20.0,1500.0,1500,1500.0,1.0,40.0,0.25
3483,69490.0,1.3926468,Vp,15.0,20,750.0,20.0,1500.0,1500,1500.0,1.0,40.0,0.25
3484,69500.0,1.3617744,Vp,15.0,20,750.0,20.0,1500.0,1500,1500.0,1.0,40.0,0.25
3485,69510.0,1.3218536,Vp,15.0,20,750.0,20.0,1500.0,1500,1500.0,1.0,40.0,0.25
3486,69520.0,1.2728767,Vp,15.0,20,750.0,20.0,1500.0,1500,1500.0,1.0,40.0,0.25
3487,69530.0,1.2027855,Vp,15.0,20,750.0,20.0,1500.0,1500,1500.0,1.0,40.0,0.25
3488,69540.0,1.1468201,Vp,15.0,20,750.0,20.0,1500.0,1500,1500.0,1.0,40.0,0.25
3489,69550.0,1.1041222,Vp,15.0,20,750.0,20.0,1500.0,1500,1500.0,1.0,40.0,0.25
3490,69560.0,0.9814949,Vp,15.0,20,750.0,20.0,1500.0,1500,1500.0,1.0,40.0,0.25
3491,69570.0,0.90052414,Vp,15.0,20,750.0,20.0,1500.0,1500,1500.0,1.0,40.0,0.25
3492,69580.0,0.90935516,Vp,15.0,20,750.0,20.0,1500.0,1500,1500.0,1.0,40.0,0.25
3493,69590.0,0.77812195,Vp,15.0,20,750.0,20.0,1500.0,1500,1500.0,1.0,40.0,0.25
3494,69600.0,0.72444916,Vp,15.0,20,750.0,20.0,1500.0,1500,1500.0,1.0,40.0,0.25
3495,69610.0,0.59755707,Vp,15.0,20,750.0,20.0,1500.0,1500,1500.0,1.0,40.0,0.25
3496,69620.0,0.4639511,Vp,15.0,20,750.0,20.0,1500.0,1500,1500.0,1.0,40.0,0.25
3497,69630.0,0.32458115,Vp,15.0,20,750.0,20.0,1500.0,1500,1500.0,1.0,40.0,0.25
3498,69640.0,0.2378273,Vp,15.0,20,750.0,20.0,1500.0,1500,1500.0,1.0,40.0,0.25
3499,69650.0,0.05527115,Vp,15.0,20,750.0,20.0,1500.0,1500,1500.0,1.0,40.0,0.25
3500,69660.0,0.015857697,Vp,15.0,20,750.0,20.0,1500.0,1500,1500.0,1.0,40.0,0.25
3501,69670.0,-0.071071625,Vp,15.0,20,750.0,20.0,1500.0,1500,1500.0,1.0,40.0,0.25
3502,69680.0,-0.10422516,Vp,15.0,20,750.0,20.0,1500.0,1500,1500.0,1.0,40.0,0.25
3503,69690.0,-0.13290024,Vp,15.0,20,750.0,20.0,1500.0,1500,1500.0,1.0,40.0,0.25
3504,69700.0,-0.22499847,Vp,15.0,20,750.0,20.0,1500.0,1500,1500.0,1.0,40.0,0.25
3505,69710.0,-0.24741745,Vp,15.0,20,750.0,20.0,1500.0,1500,1500.0,1.0,40.0,0.25
3506,69720.0,-0.34291077,Vp,15.0,20,750.0,20.0,1500.0,1500,1500.0,1.0,40.0,0.25
3507,69730.0,-0.29241562,Vp,15.0,20,750.0,20.0,1500.0,1500,1500.0,1.0,40.0,0.25
3508,69740.0,-0.29048538,Vp,15.0,20,750.0,20.0,1500.0,1500,1500.0,1.0,40.0,0.25
3509,69750.0,-0.38144684,Vp,15.0,20,750.0,20.0,1500.0,1500,1500.0,1.0,40.0,0.25
3510,69760.0,-0.28076553,Vp,15.0,20,750.0,20.0,1500.0,1500,1500.0,1.0,40.0,0.25
3511,69770.0,-0.23510742,Vp,15.0,20,750.0,20.0,1500.0,1500,1500.0,1.0,40.0,0.25
3512,69780.0,-0.24879837,Vp,15.0,20,750.0,20.0,1500.0,1500,1500.0,1.0,40.0,0.25
3513,69790.0,-0.36802292,Vp,15.0,20,750.0,20.0,1500.0,1500,1500.0,1.0,40.0,0.25
3514,69800.0,-0.42457962,Vp,15.0,20,750.0,20.0,1500.0,1500,1500.0,1.0,40.0,0.25
3515,69810.0,-0.27036667,Vp,15.0,20,750.0,20.0,1500.0,1500,1500.0,1.0,40.0,0.25
3516,69820.0,-0.3012352,Vp,15.0,20,750.0,20.0,1500.0,1500,1500.0,1.0,40.0,0.25
3517,69830.0,-0.20589066,Vp,15.0,20,750.0,20.0,1500.0,1500,1500.0,1.0,40.0,0.25
3518,69840.0,-0.3000908,Vp,15.0,20,750.0,20.0,1500.0,1500,1500.0,1.0,40.0,0.25
3519,69850.0,-0.22921371,Vp,15.0,20,750.0,20.0,1500.0,1500,1500.0,1.0,40.0,0.25
3520,69860.0,-0.27541733,Vp,15.0,20,750.0,20.0,1500.0,1500,1500.0,1.0,40.0,0.25
3521,69870.0,-0.4856987,Vp,15.0,20,750.0,20.0,1500.0,1500,1500.0,1.0,40.0,0.25
3522,69880.0,-0.1108284,Vp,15.0,20,750.0,20.0,1500.0,1500,1500.0,1.0,40.0,0.25
3523,69890.0,-0.063827515,Vp,15.0,20,750.0,20.0,1500.0,1500,1500.0,1.0,40.0,0.25
3524,69900.0,-0.3099823,Vp,15.0,20,750.0,20.0,1500.0,1500,1500.0,1.0,40.0,0.25
3525,69910.0,-0.43308258,Vp,15.0,20,750.0,20.0,1500.0,1500,1500.0,1.0,40.0,0.25
3526,69920.0,-0.17996979,Vp,15.0,20,750.0,20.0,1500.0,1500,1500.0,1.0,40.0,0.25
3527,69930.0,0.029953003,Vp,15.0,20,750.0,20.0,1500.0,1500,1500.0,1.0,40.0,0.25
3528,69940.0,-0.29537582,Vp,15.0,20,750.0,20.0,1500.0,1500,1500.0,1.0,40.0,0.25
3529,69950.0,-0.16971588,Vp,15.0,20,750.0,20.0,1500.0,1500,1500.0,1.0,40.0,0.25
3530,69960.0,-0.2697029,Vp,15.0,20,750.0,20.0,1500.0,1500,1500.0,1.0,40.0,0.25
3531,69970.0,-0.41270828,Vp,15.0,20,750.0,20.0,1500.0,1500,1500.0,1.0,40.0,0.25
3532,69980.0,-0.23057175,Vp,15.0,20,750.0,20.0,1500.0,1500,1500.0,1.0,40.0,0.25
3533,69990.0,-0.0049934387,Vp,15.0,20,750.0,20.0,1500.0,1500,1500.0,1.0,40.0,0.25
3534,70000.0,-0.4413376,Vp,15.0,20,750.0,20.0,1500.0,1500,1500.0,1.0,40.0,0.25
3535,70010.0,-0.25838852,Vp,15.0,20,750.0,20.0,1500.0,1500,1500.0,1.0,40.0,0.25
3536,70020.0,-0.12164307,Vp,15.0,20,750.0,20.0,1500.0,1500,1500.0,1.0,40.0,0.25
3537,70030.0,-0.31933975,Vp,15.0,20,750.0,20.0,1500.0,1500,1500.0,1.0,40.0,0.25
3538,70040.0,-0.22306824,Vp,15.0,20,750.0,20.0,1500.0,1500,1500.0,1.0,40.0,0.25
3539,70050.0,-0.029827118,Vp,15.0,20,750.0,20.0,1500.0,1500,1500.0,1.0,40.0,0.25
3540,70060.0,-0.12986755,Vp,15.0,20,750.0,20.0,1500.0,1500,1500.0,1.0,40.0,0.25
3541,70070.0,-0.23200607,Vp,15.0,20,750.0,20.0,1500.0,1500,1500.0,1.0,40.0,0.25
3542,70080.0,-0.2953415,Vp,15.0,20,750.0,20.0,1500.0,1500,1500.0,1.0,40.0,0.25
3543,70090.0,-0.23588943,Vp,15.0,20,750.0,20.0,1500.0,1500,1500.0,1.0,40.0,0.25
3544,70100.0,-0.3161316,Vp,15.0,20,750.0,20.0,1500.0,1500,1500.0,1.0,40.0,0.25
3545,70110.0,-0.3033905,Vp,15.0,20,750.0,20.0,1500.0,1500,1500.0,1.0,40.0,0.25
3546,70120.0,-0.035907745,Vp,15.0,20,750.0,20.0,1500.0,1500,1500.0,1.0,40.0,0.25
3547,70130.0,-0.010955811,Vp,15.0,20,750.0,20.0,1500.0,1500,1500.0,1.0,40.0,0.25
3548,70140.0,-0.18434525,Vp,15.0,20,750.0,20.0,1500.0,1500,1500.0,1.0,40.0,0.25
3549,70150.0,-0.17853165,Vp,15.0,20,750.0,20.0,1500.0,1500,1500.0,1.0,40.0,0.25
3550,70160.0,-0.48851776,Vp,15.0,20,750.0,20.0,1500.0,1500,1500.0,1.0,40.0,0.25
3551,70170.0,-0.18867111,Vp,15.0,20,750.0,20.0,1500.0,1500,1500.0,1.0,40.0,0.25
3552,70180.0,-0.18704224,Vp,15.0,20,750.0,20.0,1500.0,1500,1500.0,1.0,40.0,0.25
3553,70190.0,-0.3734703,Vp,15.0,20,750.0,20.0,1500.0,1500,1500.0,1.0,40.0,0.25
3554,70200.0,-0.21089935,Vp,15.0,20,750.0,20.0,1500.0,1500,1500.0,1.0,40.0,0.25
3555,70210.0,-0.2348671,Vp,15.0,20,750.0,20.0,1500.0,1500,1500.0,1.0,40.0,0.25
3556,70220.0,-0.07612991,Vp,15.0,20,750.0,20.0,1500.0,1500,1500.0,1.0,40.0,0.25
3557,70230.0,-0.24484253,Vp,15.0,20,750.0,20.0,1500.0,1500,1500.0,1.0,40.0,0.25
3558,70240.0,-0.43792343,Vp,15.0,20,750.0,20.0,1500.0,1500,1500.0,1.0,40.0,0.25
3559,70250.0,-0.31389618,Vp,15.0,20,750.0,20.0,1500.0,1500,1500.0,1.0,40.0,0.25
3560,70260.0,-0.26223755,Vp,15.0,20,750.0,20.0,1500.0,1500,1500.0,1.0,40.0,0.25
3561,70270.0,-0.28278732,Vp,15.0,20,750.0,20.0,1500.0,1500,1500.0,1.0,40.0,0.25
3562,70280.0,-0.26200104,Vp,15.0,20,750.0,20.0,1500.0,1500,1500.0,1.0,40.0,0.25
3563,70290.0,-0.33633423,Vp,15.0,20,750.0,20.0,1500.0,1500,1500.0,1.0,40.0,0.25
3564,70300.0,-0.100990295,Vp,15.0,20,750.0,20.0,1500.0,1500,1500.0,1.0,40.0,0.25
3565,70310.0,0.08546066,Vp,15.0,20,750.0,20.0,1500.0,1500,1500.0,1.0,40.0,0.25
3566,70320.0,-0.24477386,Vp,15.0,20,750.0,20.0,1500.0,1500,1500.0,1.0,40.0,0.25
3567,70330.0,-0.30753708,Vp,15.0,20,750.0,20.0,1500.0,1500,1500.0,1.0,40.0,0.25
3568,70340.0,-0.31346893,Vp,15.0,20,750.0,20.0,1500.0,1500,1500.0,1.0,40.0,0.25
3569,70350.0,-0.32704926,Vp,15.0,20,750.0,20.0,1500.0,1500,1500.0,1.0,40.0,0.25
3570,70360.0,-0.08705521,Vp,15.0,20,750.0,20.0,1500.0,1500,1500.0,1.0,40.0,0.25
3571,70370.0,-0.3256073,Vp,15.0,20,750.0,20.0,1500.0,1500,1500.0,1.0,40.0,0.25
3572,70380.0,-0.45417023,Vp,15.0,20,750.0,20.0,1500.0,1500,1500.0,1.0,40.0,0.25
3573,70390.0,-0.32398605,Vp,15.0,20,750.0,20.0,1500.0,1500,1500.0,1.0,40.0,0.25
3574,70400.0,-0.24534225,Vp,15.0,20,750.0,20.0,1500.0,1500,1500.0,1.0,40.0,0.25
3575,70410.0,-0.16739655,Vp,15.0,20,750.0,20.0,1500.0,1500,1500.0,1.0,40.0,0.25
3576,70420.0,-0.60188675,Vp,15.0,20,750.0,20.0,1500.0,1500,1500.0,1.0,40.0,0.25
3577,70430.0,-0.3725586,Vp,15.0,20,750.0,20.0,1500.0,1500,1500.0,1.0,40.0,0.25
3578,70440.0,-0.030387878,Vp,15.0,20,750.0,20.0,1500.0,1500,1500.0,1.0,40.0,0.25
3579,70450.0,-0.31928635,Vp,15.0,20,750.0,20.0,1500.0,1500,1500.0,1.0,40.0,0.25
3580,70460.0,-0.41506958,Vp,15.0,20,750.0,20.0,1500.0,1500,1500.0,1.0,40.0,0.25
3581,70470.0,-0.14795685,Vp,15.0,20,750.0,20.0,1500.0,1500,1500.0,1.0,40.0,0.25
3582,70480.0,-0.30470657,Vp,15.0,20,750.0,20.0,1500.0,1500,1500.0,1.0,40.0,0.25
3583,70490.0,-0.5817642,Vp,15.0,20,750.0,20.0,1500.0,1500,1500.0,1.0,40.0,0.25
3584,70500.0,-0.36218262,Vp,15.0,20,750.0,20.0,1500.0,1500,1500.0,1.0,40.0,0.25
3585,70510.0,-0.10611725,Vp,15.0,20,750.0,20.0,1500.0,1500,1500.0,1.0,40.0,0.25
3586,70520.0,-0.42219543,Vp,15.0,20,750.0,20.0,1500.0,1500,1500.0,1.0,40.0,0.25
3587,70530.0,-0.5146408,Vp,15.0,20,750.0,20.0,1500.0,1500,1500.0,1.0,40.0,0.25
3588,70540.0,-0.1459732,Vp,15.0,20,750.0,20.0,1500.0,1500,1500.0,1.0,40.0,0.25
3589,70550.0,-0.15745163,Vp,15.0,20,750.0,20.0,1500.0,1500,1500.0,1.0,40.0,0.25
3590,70560.0,-0.3749733,Vp,15.0,20,750.0,20.0,1500.0,1500,1500.0,1.0,40.0,0.25
3591,70570.0,-0.33878708,Vp,15.0,20,750.0,20.0,1500.0,1500,1500.0,1.0,40.0,0.25
3592,70580.0,-0.50343704,Vp,15.0,20,750.0,20.0,1500.0,1500,1500.0,1.0,40.0,0.25
3593,70590.0,-0.4189186,Vp,15.0,20,750.0,20.0,1500.0,1500,1500.0,1.0,40.0,0.25
3594,70600.0,-0.24400711,Vp,15.0,20,750.0,20.0,1500.0,1500,1500.0,1.0,40.0,0.25
3595,70610.0,-0.227211,Vp,15.0,20,750.0,20.0,1500.0,1500,1500.0,1.0,40.0,0.25
3596,70620.0,-0.38796616,Vp,15.0,20,750.0,20.0,1500.0,1500,1500.0,1.0,40.0,0.25
3597,70630.0,-0.27056503,Vp,15.0,20,750.0,20.0,1500.0,1500,1500.0,1.0,40.0,0.25
3598,70640.0,-0.30422974,Vp,15.0,20,750.0,20.0,1500.0,1500,1500.0,1.0,40.0,0.25
3599,70650.0,-0.42010117,Vp,15.0,20,750.0,20.0,1500.0,1500,1500.0,1.0,40.0,0.25
3600,70660.0,-0.38837814,Vp,15.0,20,750.0,20.0,1500.0,1500,1500.0,1.0,40.0,0.25
3601,70670.0,-0.41453934,Vp,15.0,20,750.0,20.0,1500.0,1500,1500.0,1.0,40.0,0.25
3602,70680.0,-0.35354233,Vp,15.0,20,750.0,20.0,1500.0,1500,1500.0,1.0,40.0,0.25
3603,70690.0,-0.5548477,Vp,15.0,20,750.0,20.0,1500.0,1500,1500.0,1.0,40.0,0.25
3604,70700.0,-0.36275482,Vp,15.0,20,750.0,20.0,1500.0,1500,1500.0,1.0,40.0,0.25
3605,70710.0,-0.23073578,Vp,15.0,20,750.0,20.0,1500.0,1500,1500.0,1.0,40.0,0.25
3606,70720.0,-0.38243866,Vp,15.0,20,750.0,20.0,1500.0,1500,1500.0,1.0,40.0,0.25
3607,70730.0,-0.40948868,Vp,15.0,20,750.0,20.0,1500.0,1500,1500.0,1.0,40.0,0.25
3608,70740.0,-0.19576263,Vp,15.0,20,750.0,20.0,1500.0,1500,1500.0,1.0,40.0,0.25
3609,70750.0,-0.24153519,Vp,15.0,20,750.0,20.0,1500.0,1500,1500.0,1.0,40.0,0.25
3610,70760.0,-0.19883347,Vp,15.0,20,750.0,20.0,1500.0,1500,1500.0,1.0,40.0,0.25
3611,70770.0,-0.36370468,Vp,15.0,20,750.0,20.0,1500.0,1500,1500.0,1.0,40.0,0.25
3612,70780.0,-0.670311,Vp,15.0,20,750.0,20.0,1500.0,1500,1500.0,1.0,40.0,0.25
3613,70790.0,-0.35780334,Vp,15.0,20,750.0,20.0,1500.0,1500,1500.0,1.0,40.0,0.25
3614,70800.0,-0.38476944,Vp,15.0,20,750.0,20.0,1500.0,1500,1500.0,1.0,40.0,0.25
3615,70810.0,-0.2988205,Vp,15.0,20,750.0,20.0,1500.0,1500,1500.0,1.0,40.0,0.25
3616,72430.0,-0.024017334,Vp,15.0,20,750.0,20.0,1500.0,1500,1500.0,1.0,40.0,0.25
3617,72440.0,-0.38451767,Vp,15.0,20,750.0,20.0,1500.0,1500,1500.0,1.0,40.0,0.25
3618,72450.0,-0.45083618,Vp,15.0,20,750.0,20.0,1500.0,1500,1500.0,1.0,40.0,0.25
3619,72460.0,-0.16417313,Vp,15.0,20,750.0,20.0,1500.0,1500,1500.0,1.0,40.0,0.25
3620,72470.0,-0.40681458,Vp,15.0,20,750.0,20.0,1500.0,1500,1500.0,1.0,40.0,0.25
3621,72480.0,-0.5603218,Vp,15.0,20,750.0,20.0,1500.0,1500,1500.0,1.0,40.0,0.25
3622,72490.0,-0.37861633,Vp,15.0,20,750.0,20.0,1500.0,1500,1500.0,1.0,40.0,0.25
3623,72500.0,-0.6824341,Vp,15.0,20,750.0,20.0,1500.0,1500,1500.0,1.0,40.0,0.25
3624,72510.0,-0.49965668,Vp,15.0,20,750.0,20.0,1500.0,1500,1500.0,1.0,40.0,0.25
3625,72520.0,-0.25893402,Vp,15.0,20,750.0,20.0,1500.0,1500,1500.0,1.0,40.0,0.25
3626,72530.0,-0.44626617,Vp,15.0,20,750.0,20.0,1500.0,1500,1500.0,1.0,40.0,0.25
3627,72540.0,-0.5235405,Vp,15.0,20,750.0,20.0,1500.0,1500,1500.0,1.0,40.0,0.25
3628,72550.0,-0.28666306,Vp,15.0,20,750.0,20.0,1500.0,1500,1500.0,1.0,40.0,0.25
3629,72560.0,-0.39439392,Vp,15.0,20,750.0,20.0,1500.0,1500,1500.0,1.0,40.0,0.25
3630,72570.0,-0.5679207,Vp,15.0,20,750.0,20.0,1500.0,1500,1500.0,1.0,40.0,0.25
3631,72580.0,-0.54403687,Vp,15.0,20,750.0,20.0,1500.0,1500,1500.0,1.0,40.0,0.25
3632,72590.0,-0.265419,Vp,15.0,20,750.0,20.0,1500.0,1500,1500.0,1.0,40.0,0.25
3633,72600.0,-0.39302444,Vp,15.0,20,750.0,20.0,1500.0,1500,1500.0,1.0,40.0,0.25
3634,72610.0,-0.54091644,Vp,15.0,20,750.0,20.0,1500.0,1500,1500.0,1.0,40.0,0.25
3635,72620.0,-0.37520218,Vp,15.0,20,750.0,20.0,1500.0,1500,1500.0,1.0,40.0,0.25
3636,72630.0,-0.384655,Vp,15.0,20,750.0,20.0,1500.0,1500,1500.0,1.0,40.0,0.25
3637,72640.0,-0.5307083,Vp,15.0,20,750.0,20.0,1500.0,1500,1500.0,1.0,40.0,0.25
3638,72650.0,-0.16798782,Vp,15.0,20,750.0,20.0,1500.0,1500,1500.0,1.0,40.0,0.25
3639,72660.0,-0.53422546,Vp,15.0,20,750.0,20.0,1500.0,1500,1500.0,1.0,40.0,0.25
3640,72670.0,-0.330204,Vp,15.0,20,750.0,20.0,1500.0,1500,1500.0,1.0,40.0,0.25
3641,72680.0,-0.12374878,Vp,15.0,20,750.0,20.0,1500.0,1500,1500.0,1.0,40.0,0.25
3642,72690.0,-0.39974213,Vp,15.0,20,750.0,20.0,1500.0,1500,1500.0,1.0,40.0,0.25
3643,72700.0,-0.6069336,Vp,15.0,20,750.0,20.0,1500.0,1500,1500.0,1.0,40.0,0.25
3644,72710.0,-0.43123627,Vp,15.0,20,750.0,20.0,1500.0,1500,1500.0,1.0,40.0,0.25
3645,72720.0,-0.26103973,Vp,15.0,20,750.0,20.0,1500.0,1500,1500.0,1.0,40.0,0.25
3646,72730.0,-0.6687279,Vp,15.0,20,750.0,20.0,1500.0,1500,1500.0,1.0,40.0,0.25
3647,72740.0,-0.36637878,Vp,15.0,20,750.0,20.0,1500.0,1500,1500.0,1.0,40.0,0.25
3648,72750.0,-0.020626068,Vp,15.0,20,750.0,20.0,1500.0,1500,1500.0,1.0,40.0,0.25
3649,72760.0,-0.3386612,Vp,15.0,20,750.0,20.0,1500.0,1500,1500.0,1.0,40.0,0.25
3650,72770.0,-0.65501404,Vp,15.0,20,750.0,20.0,1500.0,1500,1500.0,1.0,40.0,0.25
3651,72780.0,-0.34859467,Vp,15.0,20,750.0,20.0,1500.0,1500,1500.0,1.0,40.0,0.25
3652,72790.0,-0.46183395,Vp,15.0,20,750.0,20.0,1500.0,1500,1500.0,1.0,40.0,0.25
3653,72800.0,-0.59529114,Vp,15.0,20,750.0,20.0,1500.0,1500,1500.0,1.0,40.0,0.25
3654,72810.0,-0.27833557,Vp,15.0,20,750.0,20.0,1500.0,1500,1500.0,1.0,40.0,0.25
3655,72820.0,-0.16640854,Vp,15.0,20,750.0,20.0,1500.0,1500,1500.0,1.0,40.0,0.25
3656,72830.0,-0.556633,Vp,15.0,20,750.0,20.0,1500.0,1500,1500.0,1.0,40.0,0.25
3657,72840.0,-0.47197723,Vp,15.0,20,750.0,20.0,1500.0,1500,1500.0,1.0,40.0,0.25
3658,72850.0,-0.3102455,Vp,15.0,20,750.0,20.0,1500.0,1500,1500.0,1.0,40.0,0.25
3659,72860.0,-0.3906021,Vp,15.0,20,750.0,20.0,1500.0,1500,1500.0,1.0,40.0,0.25
3660,72870.0,-0.5965538,Vp,15.0,20,750.0,20.0,1500.0,1500,1500.0,1.0,40.0,0.25
3661,72880.0,-0.6938553,Vp,15.0,20,750.0,20.0,1500.0,1500,1500.0,1.0,40.0,0.25
3662,72890.0,-0.30237198,Vp,15.0,20,750.0,20.0,1500.0,1500,1500.0,1.0,40.0,0.25
3663,72900.0,-0.45731735,Vp,15.0,20,750.0,20.0,1500.0,1500,1500.0,1.0,40.0,0.25
3664,72910.0,-0.5394707,Vp,15.0,20,750.0,20.0,1500.0,1500,1500.0,1.0,40.0,0.25
3665,72920.0,-0.5165634,Vp,15.0,20,750.0,20.0,1500.0,1500,1500.0,1.0,40.0,0.25
3666,72930.0,-0.32390213,Vp,15.0,20,750.0,20.0,1500.0,1500,1500.0,1.0,40.0,0.25
3667,72940.0,-0.64564514,Vp,15.0,20,750.0,20.0,1500.0,1500,1500.0,1.0,40.0,0.25
3668,72950.0,-0.5250282,Vp,15.0,20,750.0,20.0,1500.0,1500,1500.0,1.0,40.0,0.25
3669,72960.0,-0.3916626,Vp,15.0,20,750.0,20.0,1500.0,1500,1500.0,1.0,40.0,0.25
3670,72970.0,-0.5200386,Vp,15.0,20,750.0,20.0,1500.0,1500,1500.0,1.0,40.0,0.25
3671,72980.0,-0.47784805,Vp,15.0,20,750.0,20.0,1500.0,1500,1500.0,1.0,40.0,0.25
3672,72990.0,-0.48424911,Vp,15.0,20,750.0,20.0,1500.0,1500,1500.0,1.0,40.0,0.25
3673,73000.0,-0.4811554,Vp,15.0,20,750.0,20.0,1500.0,1500,1500.0,1.0,40.0,0.25
3674,73010.0,-0.35863495,Vp,15.0,20,750.0,20.0,1500.0,1500,1500.0,1.0,40.0,0.25
3675,73020.0,-0.3621254,Vp,15.0,20,750.0,20.0,1500.0,1500,1500.0,1.0,40.0,0.25
3676,73030.0,-0.42905045,Vp,15.0,20,750.0,20.0,1500.0,1500,1500.0,1.0,40.0,0.25
3677,73040.0,-0.48597717,Vp,15.0,20,750.0,20.0,1500.0,1500,1500.0,1.0,40.0,0.25
3678,73050.0,-0.4486084,Vp,15.0,20,750.0,20.0,1500.0,1500,1500.0,1.0,40.0,0.25
3679,73060.0,-0.40724182,Vp,15.0,20,750.0,20.0,1500.0,1500,1500.0,1.0,40.0,0.25
3680,73070.0,-0.5672302,Vp,15.0,20,750.0,20.0,1500.0,1500,1500.0,1.0,40.0,0.25
3681,73080.0,-0.45285797,Vp,15.0,20,750.0,20.0,1500.0,1500,1500.0,1.0,40.0,0.25
3682,73090.0,-0.3656273,Vp,15.0,20,750.0,20.0,1500.0,1500,1500.0,1.0,40.0,0.25
3683,73100.0,-0.34573364,Vp,15.0,20,750.0,20.0,1500.0,1500,1500.0,1.0,40.0,0.25
3684,73110.0,-0.34990692,Vp,15.0,20,750.0,20.0,1500.0,1500,1500.0,1.0,40.0,0.25
3685,73120.0,-0.47278595,Vp,15.0,20,750.0,20.0,1500.0,1500,1500.0,1.0,40.0,0.25
3686,73130.0,-0.46032333,Vp,15.0,20,750.0,20.0,1500.0,1500,1500.0,1.0,40.0,0.25
3687,73140.0,-0.16633606,Vp,15.0,20,750.0,20.0,1500.0,1500,1500.0,1.0,40.0,0.25
3688,73150.0,-0.1415329,Vp,15.0,20,750.0,20.0,1500.0,1500,1500.0,1.0,40.0,0.25
3689,73160.0,-0.36371613,Vp,15.0,20,750.0,20.0,1500.0,1500,1500.0,1.0,40.0,0.25
3690,73170.0,-0.72898865,Vp,15.0,20,750.0,20.0,1500.0,1500,1500.0,1.0,40.0,0.25
3691,73180.0,0.6683693,Vp,15.0,20,750.0,20.0,1500.0,1500,1500.0,1.0,40.0,0.25
3692,73190.0,5.241989,Vp,15.0,20,750.0,20.0,1500.0,1500,1500.0,1.0,40.0,0.25
3693,73200.0,6.7081604,Vp,15.0,20,750.0,20.0,1500.0,1500,1500.0,1.0,40.0,0.25
3694,73210.0,5.7505646,Vp,15.0,20,750.0,20.0,1500.0,1500,1500.0,1.0,40.0,0.25
3695,73220.0,4.462059,Vp,15.0,20,750.0,20.0,1500.0,1500,1500.0,1.0,40.0,0.25
3696,73230.0,3.494156,Vp,15.0,20,750.0,20.0,1500.0,1500,1500.0,1.0,40.0,0.25
3697,73240.0,2.851223,Vp,15.0,20,750.0,20.0,1500.0,1500,1500.0,1.0,40.0,0.25
3698,73250.0,2.416294,Vp,15.0,20,750.0,20.0,1500.0,1500,1500.0,1.0,40.0,0.25
3699,73260.0,2.128662,Vp,15.0,20,750.0,20.0,1500.0,1500,1500.0,1.0,40.0,0.25
3700,73270.0,1.9451561,Vp,15.0,20,750.0,20.0,1500.0,1500,1500.0,1.0,40.0,0.25
3701,73280.0,1.8152161,Vp,15.0,20,750.0,20.0,1500.0,1500,1500.0,1.0,40.0,0.25
3702,73290.0,1.70784,Vp,15.0,20,750.0,20.0,1500.0,1500,1500.0,1.0,40.0,0.25
3703,73300.0,1.6285858,Vp,15.0,20,750.0,20.0,1500.0,1500,1500.0,1.0,40.0,0.25
3704,73310.0,1.602272,Vp,15.0,20,750.0,20.0,1500.0,1500,1500.0,1.0,40.0,0.25
3705,73320.0,1.5484085,Vp,15.0,20,750.0,20.0,1500.0,1500,1500.0,1.0,40.0,0.25
3706,73330.0,1.5245895,Vp,15.0,20,750.0,20.0,1500.0,1500,1500.0,1.0,40.0,0.25
3707,73340.0,1.472805,Vp,15.0,20,750.0,20.0,1500.0,1500,1500.0,1.0,40.0,0.25
3708,73350.0,1.4305649,Vp,15.0,20,750.0,20.0,1500.0,1500,1500.0,1.0,40.0,0.25
3709,73360.0,1.3954506,Vp,15.0,20,750.0,20.0,1500.0,1500,1500.0,1.0,40.0,0.25
3710,73370.0,1.356884,Vp,15.0,20,750.0,20.0,1500.0,1500,1500.0,1.0,40.0,0.25
3711,73380.0,1.274189,Vp,15.0,20,750.0,20.0,1500.0,1500,1500.0,1.0,40.0,0.25
3712,73390.0,1.2492828,Vp,15.0,20,750.0,20.0,1500.0,1500,1500.0,1.0,40.0,0.25
3713,73400.0,1.1860924,Vp,15.0,20,750.0,20.0,1500.0,1500,1500.0,1.0,40.0,0.25
3714,73410.0,1.1561508,Vp,15.0,20,750.0,20.0,1500.0,1500,1500.0,1.0,40.0,0.25
3715,73420.0,1.1486282,Vp,15.0,20,750.0,20.0,1500.0,1500,1500.0,1.0,40.0,0.25
3716,73430.0,1.0671577,Vp,15.0,20,750.0,20.0,1500.0,1500,1500.0,1.0,40.0,0.25
3717,73440.0,0.96998596,Vp,15.0,20,750.0,20.0,1500.0,1500,1500.0,1.0,40.0,0.25
3718,73450.0,0.8616295,Vp,15.0,20,750.0,20.0,1500.0,1500,1500.0,1.0,40.0,0.25
3719,73460.0,0.72805405,Vp,15.0,20,750.0,20.0,1500.0,1500,1500.0,1.0,40.0,0.25
3720,73470.0,0.6206322,Vp,15.0,20,750.0,20.0,1500.0,1500,1500.0,1.0,40.0,0.25
3721,73480.0,0.49705505,Vp,15.0,20,750.0,20.0,1500.0,1500,1500.0,1.0,40.0,0.25
3722,73490.0,0.4352188,Vp,15.0,20,750.0,20.0,1500.0,1500,1500.0,1.0,40.0,0.25
3723,73500.0,0.3554802,Vp,15.0,20,750.0,20.0,1500.0,1500,1500.0,1.0,40.0,0.25
3724,73510.0,0.25812912,Vp,15.0,20,750.0,20.0,1500.0,1500,1500.0,1.0,40.0,0.25
3725,73520.0,0.109695435,Vp,15.0,20,750.0,20.0,1500.0,1500,1500.0,1.0,40.0,0.25
3726,73530.0,0.038711548,Vp,15.0,20,750.0,20.0,1500.0,1500,1500.0,1.0,40.0,0.25
3727,73540.0,-0.07948303,Vp,15.0,20,750.0,20.0,1500.0,1500,1500.0,1.0,40.0,0.25
3728,73550.0,-0.22789383,Vp,15.0,20,750.0,20.0,1500.0,1500,1500.0,1.0,40.0,0.25
3729,73560.0,-0.20673752,Vp,15.0,20,750.0,20.0,1500.0,1500,1500.0,1.0,40.0,0.25
3730,73570.0,-0.23219681,Vp,15.0,20,750.0,20.0,1500.0,1500,1500.0,1.0,40.0,0.25
3731,73580.0,-0.22045135,Vp,15.0,20,750.0,20.0,1500.0,1500,1500.0,1.0,40.0,0.25
3732,73590.0,-0.19185638,Vp,15.0,20,750.0,20.0,1500.0,1500,1500.0,1.0,40.0,0.25
3733,73600.0,-0.39167404,Vp,15.0,20,750.0,20.0,1500.0,1500,1500.0,1.0,40.0,0.25
3734,73610.0,-0.3314209,Vp,15.0,20,750.0,20.0,1500.0,1500,1500.0,1.0,40.0,0.25
3735,73620.0,-0.2783699,Vp,15.0,20,750.0,20.0,1500.0,1500,1500.0,1.0,40.0,0.25
3736,73630.0,-0.42340088,Vp,15.0,20,750.0,20.0,1500.0,1500,1500.0,1.0,40.0,0.25
3737,73640.0,-0.39287567,Vp,15.0,20,750.0,20.0,1500.0,1500,1500.0,1.0,40.0,0.25
3738,73650.0,-0.3775978,Vp,15.0,20,750.0,20.0,1500.0,1500,1500.0,1.0,40.0,0.25
3739,73660.0,-0.30797958,Vp,15.0,20,750.0,20.0,1500.0,1500,1500.0,1.0,40.0,0.25
3740,73670.0,-0.29507446,Vp,15.0,20,750.0,20.0,1500.0,1500,1500.0,1.0,40.0,0.25
3741,73680.0,-0.07772446,Vp,15.0,20,750.0,20.0,1500.0,1500,1500.0,1.0,40.0,0.25
3742,73690.0,-0.4166603,Vp,15.0,20,750.0,20.0,1500.0,1500,1500.0,1.0,40.0,0.25
3743,73700.0,-0.29955292,Vp,15.0,20,750.0,20.0,1500.0,1500,1500.0,1.0,40.0,0.25
3744,73710.0,0.063114166,Vp,15.0,20,750.0,20.0,1500.0,1500,1500.0,1.0,40.0,0.25
3745,73720.0,-0.19826889,Vp,15.0,20,750.0,20.0,1500.0,1500,1500.0,1.0,40.0,0.25
3746,73730.0,-0.41137695,Vp,15.0,20,750.0,20.0,1500.0,1500,1500.0,1.0,40.0,0.25
3747,73740.0,-0.44696426,Vp,15.0,20,750.0,20.0,1500.0,1500,1500.0,1.0,40.0,0.25
3748,73750.0,-0.30666733,Vp,15.0,20,750.0,20.0,1500.0,1500,1500.0,1.0,40.0,0.25
3749,73760.0,-0.23258209,Vp,15.0,20,750.0,20.0,1500.0,1500,1500.0,1.0,40.0,0.25
3750,73770.0,-0.25379944,Vp,15.0,20,750.0,20.0,1500.0,1500,1500.0,1.0,40.0,0.25
3751,73780.0,-0.30244064,Vp,15.0,20,750.0,20.0,1500.0,1500,1500.0,1.0,40.0,0.25
3752,73790.0,-0.25032425,Vp,15.0,20,750.0,20.0,1500.0,1500,1500.0,1.0,40.0,0.25
3753,73800.0,-0.3432083,Vp,15.0,20,750.0,20.0,1500.0,1500,1500.0,1.0,40.0,0.25
3754,73810.0,-0.43217087,Vp,15.0,20,750.0,20.0,1500.0,1500,1500.0,1.0,40.0,0.25
3755,73820.0,-0.03907776,Vp,15.0,20,750.0,20.0,1500.0,1500,1500.0,1.0,40.0,0.25
3756,73830.0,0.10071945,Vp,15.0,20,750.0,20.0,1500.0,1500,1500.0,1.0,40.0,0.25
3757,73840.0,-0.2700119,Vp,15.0,20,750.0,20.0,1500.0,1500,1500.0,1.0,40.0,0.25
3758,73850.0,-0.23771667,Vp,15.0,20,750.0,20.0,1500.0,1500,1500.0,1.0,40.0,0.25
3759,73860.0,-0.3004799,Vp,15.0,20,750.0,20.0,1500.0,1500,1500.0,1.0,40.0,0.25
3760,73870.0,-0.18070984,Vp,15.0,20,750.0,20.0,1500.0,1500,1500.0,1.0,40.0,0.25
3761,73880.0,-0.3155594,Vp,15.0,20,750.0,20.0,1500.0,1500,1500.0,1.0,40.0,0.25
3762,73890.0,-0.4065361,Vp,15.0,20,750.0,20.0,1500.0,1500,1500.0,1.0,40.0,0.25
3763,73900.0,-0.37202072,Vp,15.0,20,750.0,20.0,1500.0,1500,1500.0,1.0,40.0,0.25
3764,73910.0,-0.08986282,Vp,15.0,20,750.0,20.0,1500.0,1500,1500.0,1.0,40.0,0.25
3765,73920.0,-0.15019608,Vp,15.0,20,750.0,20.0,1500.0,1500,1500.0,1.0,40.0,0.25
3766,73930.0,-0.2998619,Vp,15.0,20,750.0,20.0,1500.0,1500,1500.0,1.0,40.0,0.25
3767,73940.0,-0.33787537,Vp,15.0,20,750.0,20.0,1500.0,1500,1500.0,1.0,40.0,0.25
3768,73950.0,-0.36237335,Vp,15.0,20,750.0,20.0,1500.0,1500,1500.0,1.0,40.0,0.25
3769,73960.0,-0.23495483,Vp,15.0,20,750.0,20.0,1500.0,1500,1500.0,1.0,40.0,0.25
3770,73970.0,-0.084877014,Vp,15.0,20,750.0,20.0,1500.0,1500,1500.0,1.0,40.0,0.25
3771,73980.0,-0.32917023,Vp,15.0,20,750.0,20.0,1500.0,1500,1500.0,1.0,40.0,0.25
3772,73990.0,-0.30060196,Vp,15.0,20,750.0,20.0,1500.0,1500,1500.0,1.0,40.0,0.25
3773,74000.0,-0.22754669,Vp,15.0,20,750.0,20.0,1500.0,1500,1500.0,1.0,40.0,0.25
3774,74010.0,-0.057559967,Vp,15.0,20,750.0,20.0,1500.0,1500,1500.0,1.0,40.0,0.25
3775,74020.0,-0.33691788,Vp,15.0,20,750.0,20.0,1500.0,1500,1500.0,1.0,40.0,0.25
3776,74030.0,-0.20064926,Vp,15.0,20,750.0,20.0,1500.0,1500,1500.0,1.0,40.0,0.25
3777,74040.0,-0.37018585,Vp,15.0,20,750.0,20.0,1500.0,1500,1500.0,1.0,40.0,0.25
3778,74050.0,-0.23391724,Vp,15.0,20,750.0,20.0,1500.0,1500,1500.0,1.0,40.0,0.25
3779,74060.0,-0.32772064,Vp,15.0,20,750.0,20.0,1500.0,1500,1500.0,1.0,40.0,0.25
3780,74070.0,-0.4431343,Vp,15.0,20,750.0,20.0,1500.0,1500,1500.0,1.0,40.0,0.25
3781,74080.0,-0.393322,Vp,15.0,20,750.0,20.0,1500.0,1500,1500.0,1.0,40.0,0.25
3782,74090.0,-0.38655472,Vp,15.0,20,750.0,20.0,1500.0,1500,1500.0,1.0,40.0,0.25
3783,74100.0,-0.16375351,Vp,15.0,20,750.0,20.0,1500.0,1500,1500.0,1.0,40.0,0.25
3784,74110.0,-0.42747498,Vp,15.0,20,750.0,20.0,1500.0,1500,1500.0,1.0,40.0,0.25
3785,74120.0,-0.37255096,Vp,15.0,20,750.0,20.0,1500.0,1500,1500.0,1.0,40.0,0.25
3786,74130.0,-0.094451904,Vp,15.0,20,750.0,20.0,1500.0,1500,1500.0,1.0,40.0,0.25
3787,74140.0,-0.4616661,Vp,15.0,20,750.0,20.0,1500.0,1500,1500.0,1.0,40.0,0.25
3788,74150.0,-0.49147797,Vp,15.0,20,750.0,20.0,1500.0,1500,1500.0,1.0,40.0,0.25
3789,74160.0,-0.113105774,Vp,15.0,20,750.0,20.0,1500.0,1500,1500.0,1.0,40.0,0.25
3790,74170.0,-0.009143829,Vp,15.0,20,750.0,20.0,1500.0,1500,1500.0,1.0,40.0,0.25
3791,74180.0,-0.23085022,Vp,15.0,20,750.0,20.0,1500.0,1500,1500.0,1.0,40.0,0.25
3792,74190.0,-0.44796753,Vp,15.0,20,750.0,20.0,1500.0,1500,1500.0,1.0,40.0,0.25
3793,74200.0,-0.32779312,Vp,15.0,20,750.0,20.0,1500.0,1500,1500.0,1.0,40.0,0.25
3794,74210.0,-0.15188599,Vp,15.0,20,750.0,20.0,1500.0,1500,1500.0,1.0,40.0,0.25
3795,74220.0,-0.3497696,Vp,15.0,20,750.0,20.0,1500.0,1500,1500.0,1.0,40.0,0.25
3796,74230.0,-0.2990799,Vp,15.0,20,750.0,20.0,1500.0,1500,1500.0,1.0,40.0,0.25
3797,74240.0,-0.4127121,Vp,15.0,20,750.0,20.0,1500.0,1500,1500.0,1.0,40.0,0.25
3798,74250.0,-0.57896805,Vp,15.0,20,750.0,20.0,1500.0,1500,1500.0,1.0,40.0,0.25
3799,74260.0,-0.32818222,Vp,15.0,20,750.0,20.0,1500.0,1500,1500.0,1.0,40.0,0.25
3800,74270.0,-0.18769836,Vp,15.0,20,750.0,20.0,1500.0,1500,1500.0,1.0,40.0,0.25
3801,74280.0,-0.070804596,Vp,15.0,20,750.0,20.0,1500.0,1500,1500.0,1.0,40.0,0.25
3802,74290.0,-0.3472519,Vp,15.0,20,750.0,20.0,1500.0,1500,1500.0,1.0,40.0,0.25
3803,74300.0,-0.45866394,Vp,15.0,20,750.0,20.0,1500.0,1500,1500.0,1.0,40.0,0.25
3804,74310.0,-0.34251404,Vp,15.0,20,750.0,20.0,1500.0,1500,1500.0,1.0,40.0,0.25
3805,74320.0,-0.12388611,Vp,15.0,20,750.0,20.0,1500.0,1500,1500.0,1.0,40.0,0.25
3806,74330.0,-0.38942337,Vp,15.0,20,750.0,20.0,1500.0,1500,1500.0,1.0,40.0,0.25
3807,74340.0,-0.4410591,Vp,15.0,20,750.0,20.0,1500.0,1500,1500.0,1.0,40.0,0.25
3808,74350.0,-0.25676727,Vp,15.0,20,750.0,20.0,1500.0,1500,1500.0,1.0,40.0,0.25
3809,74360.0,-0.10953522,Vp,15.0,20,750.0,20.0,1500.0,1500,1500.0,1.0,40.0,0.25
3810,74370.0,-0.3902626,Vp,15.0,20,750.0,20.0,1500.0,1500,1500.0,1.0,40.0,0.25
3811,74380.0,-0.34068298,Vp,15.0,20,750.0,20.0,1500.0,1500,1500.0,1.0,40.0,0.25
3812,74390.0,-0.2998047,Vp,15.0,20,750.0,20.0,1500.0,1500,1500.0,1.0,40.0,0.25
3813,74400.0,-0.25092697,Vp,15.0,20,750.0,20.0,1500.0,1500,1500.0,1.0,40.0,0.25
3814,74410.0,-0.22457504,Vp,15.0,20,750.0,20.0,1500.0,1500,1500.0,1.0,40.0,0.25
3815,74420.0,-0.32614517,Vp,15.0,20,750.0,20.0,1500.0,1500,1500.0,1.0,40.0,0.25
3816,74430.0,-0.365654,Vp,15.0,20,750.0,20.0,1500.0,1500,1500.0,1.0,40.0,0.25
3817,74440.0,-0.29810715,Vp,15.0,20,750.0,20.0,1500.0,1500,1500.0,1.0,40.0,0.25
3818,74450.0,-0.32265854,Vp,15.0,20,750.0,20.0,1500.0,1500,1500.0,1.0,40.0,0.25
3819,74460.0,-0.34046173,Vp,15.0,20,750.0,20.0,1500.0,1500,1500.0,1.0,40.0,0.25
3820,74470.0,-0.17217255,Vp,15.0,20,750.0,20.0,1500.0,1500,1500.0,1.0,40.0,0.25
3821,74480.0,-0.3243103,Vp,15.0,20,750.0,20.0,1500.0,1500,1500.0,1.0,40.0,0.25
3822,74490.0,-0.53573227,Vp,15.0,20,750.0,20.0,1500.0,1500,1500.0,1.0,40.0,0.25
3823,74500.0,-0.26978683,Vp,15.0,20,750.0,20.0,1500.0,1500,1500.0,1.0,40.0,0.25
3824,74510.0,-0.29681015,Vp,15.0,20,750.0,20.0,1500.0,1500,1500.0,1.0,40.0,0.25
3825,74520.0,-0.25934982,Vp,15.0,20,750.0,20.0,1500.0,1500,1500.0,1.0,40.0,0.25
3826,74530.0,-0.39448166,Vp,15.0,20,750.0,20.0,1500.0,1500,1500.0,1.0,40.0,0.25
3827,74540.0,-0.49812317,Vp,15.0,20,750.0,20.0,1500.0,1500,1500.0,1.0,40.0,0.25
3828,74550.0,-0.3156395,Vp,15.0,20,750.0,20.0,1500.0,1500,1500.0,1.0,40.0,0.25
3829,74560.0,-0.3573532,Vp,15.0,20,750.0,20.0,1500.0,1500,1500.0,1.0,40.0,0.25
3830,74570.0,-0.46246338,Vp,15.0,20,750.0,20.0,1500.0,1500,1500.0,1.0,40.0,0.25
3831,74580.0,-0.42996597,Vp,15.0,20,750.0,20.0,1500.0,1500,1500.0,1.0,40.0,0.25
3832,74590.0,-0.21448135,Vp,15.0,20,750.0,20.0,1500.0,1500,1500.0,1.0,40.0,0.25
3833,74600.0,-0.6095581,Vp,15.0,20,750.0,20.0,1500.0,1500,1500.0,1.0,40.0,0.25
3834,74610.0,-0.22085571,Vp,15.0,20,750.0,20.0,1500.0,1500,1500.0,1.0,40.0,0.25
3835,74620.0,-0.0741539,Vp,15.0,20,750.0,20.0,1500.0,1500,1500.0,1.0,40.0,0.25
3836,74630.0,-0.47340775,Vp,15.0,20,750.0,20.0,1500.0,1500,1500.0,1.0,40.0,0.25
3837,74640.0,-0.47536469,Vp,15.0,20,750.0,20.0,1500.0,1500,1500.0,1.0,40.0,0.25
3838,74650.0,-0.22353363,Vp,15.0,20,750.0,20.0,1500.0,1500,1500.0,1.0,40.0,0.25
3839,74660.0,-0.2389412,Vp,15.0,20,750.0,20.0,1500.0,1500,1500.0,1.0,40.0,0.25
3840,74670.0,-0.3991394,Vp,15.0,20,750.0,20.0,1500.0,1500,1500.0,1.0,40.0,0.25
3841,74680.0,-0.2719078,Vp,15.0,20,750.0,20.0,1500.0,1500,1500.0,1.0,40.0,0.25
3842,77100.0,-0.45241547,Vp,15.0,20,750.0,20.0,1500.0,1500,1500.0,1.0,40.0,0.25
3843,77110.0,-0.3014984,Vp,15.0,20,750.0,20.0,1500.0,1500,1500.0,1.0,40.0,0.25
3844,77120.0,-0.3679886,Vp,15.0,20,750.0,20.0,1500.0,1500,1500.0,1.0,40.0,0.25
3845,77130.0,-0.62057114,Vp,15.0,20,750.0,20.0,1500.0,1500,1500.0,1.0,40.0,0.25
3846,77140.0,-0.4523735,Vp,15.0,20,750.0,20.0,1500.0,1500,1500.0,1.0,40.0,0.25
3847,77150.0,-0.111019135,Vp,15.0,20,750.0,20.0,1500.0,1500,1500.0,1.0,40.0,0.25
3848,77160.0,-0.27719116,Vp,15.0,20,750.0,20.0,1500.0,1500,1500.0,1.0,40.0,0.25
3849,77170.0,-0.53461075,Vp,15.0,20,750.0,20.0,1500.0,1500,1500.0,1.0,40.0,0.25
3850,77180.0,-0.17362595,Vp,15.0,20,750.0,20.0,1500.0,1500,1500.0,1.0,40.0,0.25
3851,77190.0,-0.2988968,Vp,15.0,20,750.0,20.0,1500.0,1500,1500.0,1.0,40.0,0.25
3852,77200.0,-0.6230316,Vp,15.0,20,750.0,20.0,1500.0,1500,1500.0,1.0,40.0,0.25
3853,77210.0,-0.46354675,Vp,15.0,20,750.0,20.0,1500.0,1500,1500.0,1.0,40.0,0.25
3854,77220.0,-0.2043457,Vp,15.0,20,750.0,20.0,1500.0,1500,1500.0,1.0,40.0,0.25
3855,77230.0,-0.26930618,Vp,15.0,20,750.0,20.0,1500.0,1500,1500.0,1.0,40.0,0.25
3856,77240.0,-0.33280182,Vp,15.0,20,750.0,20.0,1500.0,1500,1500.0,1.0,40.0,0.25
3857,77250.0,-0.29439926,Vp,15.0,20,750.0,20.0,1500.0,1500,1500.0,1.0,40.0,0.25
3858,77260.0,-0.22257614,Vp,15.0,20,750.0,20.0,1500.0,1500,1500.0,1.0,40.0,0.25
3859,77270.0,-0.44853973,Vp,15.0,20,750.0,20.0,1500.0,1500,1500.0,1.0,40.0,0.25
3860,77280.0,-0.5525589,Vp,15.0,20,750.0,20.0,1500.0,1500,1500.0,1.0,40.0,0.25
3861,77290.0,-0.49671936,Vp,15.0,20,750.0,20.0,1500.0,1500,1500.0,1.0,40.0,0.25
3862,77300.0,-0.3871727,Vp,15.0,20,750.0,20.0,1500.0,1500,1500.0,1.0,40.0,0.25
3863,77310.0,-0.24592972,Vp,15.0,20,750.0,20.0,1500.0,1500,1500.0,1.0,40.0,0.25
3864,77320.0,-0.4791603,Vp,15.0,20,750.0,20.0,1500.0,1500,1500.0,1.0,40.0,0.25
3865,77330.0,-0.4415245,Vp,15.0,20,750.0,20.0,1500.0,1500,1500.0,1.0,40.0,0.25
3866,77340.0,-0.28556824,Vp,15.0,20,750.0,20.0,1500.0,1500,1500.0,1.0,40.0,0.25
3867,77350.0,-0.4692459,Vp,15.0,20,750.0,20.0,1500.0,1500,1500.0,1.0,40.0,0.25
3868,77360.0,-0.38674927,Vp,15.0,20,750.0,20.0,1500.0,1500,1500.0,1.0,40.0,0.25
3869,77370.0,-0.33034134,Vp,15.0,20,750.0,20.0,1500.0,1500,1500.0,1.0,40.0,0.25
3870,77380.0,-0.530571,Vp,15.0,20,750.0,20.0,1500.0,1500,1500.0,1.0,40.0,0.25
3871,77390.0,-0.3475647,Vp,15.0,20,750.0,20.0,1500.0,1500,1500.0,1.0,40.0,0.25
3872,77400.0,-0.37277985,Vp,15.0,20,750.0,20.0,1500.0,1500,1500.0,1.0,40.0,0.25
3873,77410.0,-0.45920563,Vp,15.0,20,750.0,20.0,1500.0,1500,1500.0,1.0,40.0,0.25
3874,77420.0,-0.592083,Vp,15.0,20,750.0,20.0,1500.0,1500,1500.0,1.0,40.0,0.25
3875,77430.0,-0.41992188,Vp,15.0,20,750.0,20.0,1500.0,1500,1500.0,1.0,40.0,0.25
3876,77440.0,-0.35343933,Vp,15.0,20,750.0,20.0,1500.0,1500,1500.0,1.0,40.0,0.25
3877,77450.0,-0.30316925,Vp,15.0,20,750.0,20.0,1500.0,1500,1500.0,1.0,40.0,0.25
3878,77460.0,-0.4337654,Vp,15.0,20,750.0,20.0,1500.0,1500,1500.0,1.0,40.0,0.25
3879,77470.0,-0.49410248,Vp,15.0,20,750.0,20.0,1500.0,1500,1500.0,1.0,40.0,0.25
3880,77480.0,-0.50855637,Vp,15.0,20,750.0,20.0,1500.0,1500,1500.0,1.0,40.0,0.25
3881,77490.0,-0.5409317,Vp,15.0,20,750.0,20.0,1500.0,1500,1500.0,1.0,40.0,0.25
3882,77500.0,-0.3949356,Vp,15.0,20,750.0,20.0,1500.0,1500,1500.0,1.0,40.0,0.25
3883,77510.0,-0.16908646,Vp,15.0,20,750.0,20.0,1500.0,1500,1500.0,1.0,40.0,0.25
3884,77520.0,-0.3057747,Vp,15.0,20,750.0,20.0,1500.0,1500,1500.0,1.0,40.0,0.25
3885,77530.0,-0.36044312,Vp,15.0,20,750.0,20.0,1500.0,1500,1500.0,1.0,40.0,0.25
3886,77540.0,-0.42894745,Vp,15.0,20,750.0,20.0,1500.0,1500,1500.0,1.0,40.0,0.25
3887,77550.0,-0.3295555,Vp,15.0,20,750.0,20.0,1500.0,1500,1500.0,1.0,40.0,0.25
3888,77560.0,-0.39110565,Vp,15.0,20,750.0,20.0,1500.0,1500,1500.0,1.0,40.0,0.25
3889,77570.0,-0.47323227,Vp,15.0,20,750.0,20.0,1500.0,1500,1500.0,1.0,40.0,0.25
3890,77580.0,-0.42926025,Vp,15.0,20,750.0,20.0,1500.0,1500,1500.0,1.0,40.0,0.25
3891,77590.0,-0.38207245,Vp,15.0,20,750.0,20.0,1500.0,1500,1500.0,1.0,40.0,0.25
3892,77600.0,-0.3843956,Vp,15.0,20,750.0,20.0,1500.0,1500,1500.0,1.0,40.0,0.25
3893,77610.0,-0.47224045,Vp,15.0,20,750.0,20.0,1500.0,1500,1500.0,1.0,40.0,0.25
3894,77620.0,-0.22454071,Vp,15.0,20,750.0,20.0,1500.0,1500,1500.0,1.0,40.0,0.25
3895,77630.0,-0.491127,Vp,15.0,20,750.0,20.0,1500.0,1500,1500.0,1.0,40.0,0.25
3896,77640.0,-0.46470642,Vp,15.0,20,750.0,20.0,1500.0,1500,1500.0,1.0,40.0,0.25
3897,77650.0,-0.4041977,Vp,15.0,20,750.0,20.0,1500.0,1500,1500.0,1.0,40.0,0.25
3898,77660.0,-0.34599686,Vp,15.0,20,750.0,20.0,1500.0,1500,1500.0,1.0,40.0,0.25
3899,77670.0,-0.45675278,Vp,15.0,20,750.0,20.0,1500.0,1500,1500.0,1.0,40.0,0.25
3900,77680.0,-0.28289413,Vp,15.0,20,750.0,20.0,1500.0,1500,1500.0,1.0,40.0,0.25
3901,77690.0,-0.49097443,Vp,15.0,20,750.0,20.0,1500.0,1500,1500.0,1.0,40.0,0.25
3902,77700.0,-0.5651512,Vp,15.0,20,750.0,20.0,1500.0,1500,1500.0,1.0,40.0,0.25
3903,77710.0,-0.34350586,Vp,15.0,20,750.0,20.0,1500.0,1500,1500.0,1.0,40.0,0.25
3904,77720.0,-0.50808334,Vp,15.0,20,750.0,20.0,1500.0,1500,1500.0,1.0,40.0,0.25
3905,77730.0,-0.62540436,Vp,15.0,20,750.0,20.0,1500.0,1500,1500.0,1.0,40.0,0.25
3906,77740.0,-0.49331665,Vp,15.0,20,750.0,20.0,1500.0,1500,1500.0,1.0,40.0,0.25
3907,77750.0,-0.22845078,Vp,15.0,20,750.0,20.0,1500.0,1500,1500.0,1.0,40.0,0.25
3908,77760.0,-0.3877449,Vp,15.0,20,750.0,20.0,1500.0,1500,1500.0,1.0,40.0,0.25
3909,77770.0,-0.43455505,Vp,15.0,20,750.0,20.0,1500.0,1500,1500.0,1.0,40.0,0.25
3910,77780.0,-0.31466675,Vp,15.0,20,750.0,20.0,1500.0,1500,1500.0,1.0,40.0,0.25
3911,77790.0,-0.47444153,Vp,15.0,20,750.0,20.0,1500.0,1500,1500.0,1.0,40.0,0.25
3912,77800.0,-0.43286896,Vp,15.0,20,750.0,20.0,1500.0,1500,1500.0,1.0,40.0,0.25
3913,77810.0,-0.2927513,Vp,15.0,20,750.0,20.0,1500.0,1500,1500.0,1.0,40.0,0.25
3914,77820.0,-0.3639717,Vp,15.0,20,750.0,20.0,1500.0,1500,1500.0,1.0,40.0,0.25
3915,77830.0,-0.43180847,Vp,15.0,20,750.0,20.0,1500.0,1500,1500.0,1.0,40.0,0.25
3916,77840.0,-0.50652695,Vp,15.0,20,750.0,20.0,1500.0,1500,1500.0,1.0,40.0,0.25
3917,77850.0,0.011310577,Vp,15.0,20,750.0,20.0,1500.0,1500,1500.0,1.0,40.0,0.25
3918,77860.0,4.948456,Vp,15.0,20,750.0,20.0,1500.0,1500,1500.0,1.0,40.0,0.25
3919,77870.0,6.6171646,Vp,15.0,20,750.0,20.0,1500.0,1500,1500.0,1.0,40.0,0.25
3920,77880.0,5.6971283,Vp,15.0,20,750.0,20.0,1500.0,1500,1500.0,1.0,40.0,0.25
3921,77890.0,4.4126663,Vp,15.0,20,750.0,20.0,1500.0,1500,1500.0,1.0,40.0,0.25
3922,77900.0,3.4762535,Vp,15.0,20,750.0,20.0,1500.0,1500,1500.0,1.0,40.0,0.25
3923,77910.0,2.822712,Vp,15.0,20,750.0,20.0,1500.0,1500,1500.0,1.0,40.0,0.25
3924,77920.0,2.378048,Vp,15.0,20,750.0,20.0,1500.0,1500,1500.0,1.0,40.0,0.25
3925,77930.0,2.0711784,Vp,15.0,20,750.0,20.0,1500.0,1500,1500.0,1.0,40.0,0.25
3926,77940.0,1.9100266,Vp,15.0,20,750.0,20.0,1500.0,1500,1500.0,1.0,40.0,0.25
3927,77950.0,1.7763481,Vp,15.0,20,750.0,20.0,1500.0,1500,1500.0,1.0,40.0,0.25
3928,77960.0,1.6892014,Vp,15.0,20,750.0,20.0,1500.0,1500,1500.0,1.0,40.0,0.25
3929,77970.0,1.6001205,Vp,15.0,20,750.0,20.0,1500.0,1500,1500.0,1.0,40.0,0.25
3930,77980.0,1.5671844,Vp,15.0,20,750.0,20.0,1500.0,1500,1500.0,1.0,40.0,0.25
3931,77990.0,1.5294609,Vp,15.0,20,750.0,20.0,1500.0,1500,1500.0,1.0,40.0,0.25
3932,78000.0,1.4796677,Vp,15.0,20,750.0,20.0,1500.0,1500,1500.0,1.0,40.0,0.25
3933,78010.0,1.4622192,Vp,15.0,20,750.0,20.0,1500.0,1500,1500.0,1.0,40.0,0.25
3934,78020.0,1.446804,Vp,15.0,20,750.0,20.0,1500.0,1500,1500.0,1.0,40.0,0.25
3935,78030.0,1.4101257,Vp,15.0,20,750.0,20.0,1500.0,1500,1500.0,1.0,40.0,0.25
3936,78040.0,1.3862839,Vp,15.0,20,750.0,20.0,1500.0,1500,1500.0,1.0,40.0,0.25
3937,78050.0,1.3274155,Vp,15.0,20,750.0,20.0,1500.0,1500,1500.0,1.0,40.0,0.25
3938,78060.0,1.2658844,Vp,15.0,20,750.0,20.0,1500.0,1500,1500.0,1.0,40.0,0.25
3939,78070.0,1.2065964,Vp,15.0,20,750.0,20.0,1500.0,1500,1500.0,1.0,40.0,0.25
3940,78080.0,1.1865616,Vp,15.0,20,750.0,20.0,1500.0,1500,1500.0,1.0,40.0,0.25
3941,78090.0,1.1467438,Vp,15.0,20,750.0,20.0,1500.0,1500,1500.0,1.0,40.0,0.25
3942,78100.0,1.021862,Vp,15.0,20,750.0,20.0,1500.0,1500,1500.0,1.0,40.0,0.25
3943,78110.0,0.9680519,Vp,15.0,20,750.0,20.0,1500.0,1500,1500.0,1.0,40.0,0.25
3944,78120.0,0.8527489,Vp,15.0,20,750.0,20.0,1500.0,1500,1500.0,1.0,40.0,0.25
3945,78130.0,0.77581024,Vp,15.0,20,750.0,20.0,1500.0,1500,1500.0,1.0,40.0,0.25
3946,78140.0,0.6371193,Vp,15.0,20,750.0,20.0,1500.0,1500,1500.0,1.0,40.0,0.25
3947,78150.0,0.53375626,Vp,15.0,20,750.0,20.0,1500.0,1500,1500.0,1.0,40.0,0.25
3948,78160.0,0.4951744,Vp,15.0,20,750.0,20.0,1500.0,1500,1500.0,1.0,40.0,0.25
3949,78170.0,0.46894455,Vp,15.0,20,750.0,20.0,1500.0,1500,1500.0,1.0,40.0,0.25
3950,78180.0,0.29353714,Vp,15.0,20,750.0,20.0,1500.0,1500,1500.0,1.0,40.0,0.25
3951,78190.0,0.23339081,Vp,15.0,20,750.0,20.0,1500.0,1500,1500.0,1.0,40.0,0.25
3952,78200.0,0.059123993,Vp,15.0,20,750.0,20.0,1500.0,1500,1500.0,1.0,40.0,0.25
3953,78210.0,-0.07323074,Vp,15.0,20,750.0,20.0,1500.0,1500,1500.0,1.0,40.0,0.25
3954,78220.0,-0.042987823,Vp,15.0,20,750.0,20.0,1500.0,1500,1500.0,1.0,40.0,0.25
3955,78230.0,-0.05857849,Vp,15.0,20,750.0,20.0,1500.0,1500,1500.0,1.0,40.0,0.25
3956,78240.0,-0.19421387,Vp,15.0,20,750.0,20.0,1500.0,1500,1500.0,1.0,40.0,0.25
3957,78250.0,-0.15587616,Vp,15.0,20,750.0,20.0,1500.0,1500,1500.0,1.0,40.0,0.25
3958,78260.0,-0.11601639,Vp,15.0,20,750.0,20.0,1500.0,1500,1500.0,1.0,40.0,0.25
3959,78270.0,-0.3119316,Vp,15.0,20,750.0,20.0,1500.0,1500,1500.0,1.0,40.0,0.25
3960,78280.0,-0.26952362,Vp,15.0,20,750.0,20.0,1500.0,1500,1500.0,1.0,40.0,0.25
3961,78290.0,-0.19530487,Vp,15.0,20,750.0,20.0,1500.0,1500,1500.0,1.0,40.0,0.25
3962,78300.0,-0.38986206,Vp,15.0,20,750.0,20.0,1500.0,1500,1500.0,1.0,40.0,0.25
3963,78310.0,-0.41971588,Vp,15.0,20,750.0,20.0,1500.0,1500,1500.0,1.0,40.0,0.25
3964,78320.0,-0.36239243,Vp,15.0,20,750.0,20.0,1500.0,1500,1500.0,1.0,40.0,0.25
3965,78330.0,-0.36547852,Vp,15.0,20,750.0,20.0,1500.0,1500,1500.0,1.0,40.0,0.25
3966,78340.0,-0.27218246,Vp,15.0,20,750.0,20.0,1500.0,1500,1500.0,1.0,40.0,0.25
3967,78350.0,-0.13040543,Vp,15.0,20,750.0,20.0,1500.0,1500,1500.0,1.0,40.0,0.25
3968,78360.0,-0.20276642,Vp,15.0,20,750.0,20.0,1500.0,1500,1500.0,1.0,40.0,0.25
3969,78370.0,-0.28274918,Vp,15.0,20,750.0,20.0,1500.0,1500,1500.0,1.0,40.0,0.25
3970,78380.0,-0.23037338,Vp,15.0,20,750.0,20.0,1500.0,1500,1500.0,1.0,40.0,0.25
3971,78390.0,-0.241745,Vp,15.0,20,750.0,20.0,1500.0,1500,1500.0,1.0,40.0,0.25
3972,78400.0,-0.41132736,Vp,15.0,20,750.0,20.0,1500.0,1500,1500.0,1.0,40.0,0.25
3973,78410.0,-0.2650833,Vp,15.0,20,750.0,20.0,1500.0,1500,1500.0,1.0,40.0,0.25
3974,78420.0,-0.21532059,Vp,15.0,20,750.0,20.0,1500.0,1500,1500.0,1.0,40.0,0.25
3975,78430.0,-0.2528801,Vp,15.0,20,750.0,20.0,1500.0,1500,1500.0,1.0,40.0,0.25
3976,78440.0,-0.20207977,Vp,15.0,20,750.0,20.0,1500.0,1500,1500.0,1.0,40.0,0.25
3977,78450.0,-0.25584412,Vp,15.0,20,750.0,20.0,1500.0,1500,1500.0,1.0,40.0,0.25
3978,78460.0,-0.29943085,Vp,15.0,20,750.0,20.0,1500.0,1500,1500.0,1.0,40.0,0.25
3979,78470.0,-0.2690506,Vp,15.0,20,750.0,20.0,1500.0,1500,1500.0,1.0,40.0,0.25
3980,78480.0,-0.02275467,Vp,15.0,20,750.0,20.0,1500.0,1500,1500.0,1.0,40.0,0.25
3981,78490.0,-0.23785019,Vp,15.0,20,750.0,20.0,1500.0,1500,1500.0,1.0,40.0,0.25
3982,78500.0,-0.13479996,Vp,15.0,20,750.0,20.0,1500.0,1500,1500.0,1.0,40.0,0.25
3983,78510.0,-0.19994736,Vp,15.0,20,750.0,20.0,1500.0,1500,1500.0,1.0,40.0,0.25
3984,78520.0,-0.20149612,Vp,15.0,20,750.0,20.0,1500.0,1500,1500.0,1.0,40.0,0.25
3985,78530.0,-0.28990555,Vp,15.0,20,750.0,20.0,1500.0,1500,1500.0,1.0,40.0,0.25
3986,78540.0,-0.029678345,Vp,15.0,20,750.0,20.0,1500.0,1500,1500.0,1.0,40.0,0.25
3987,78550.0,-0.12773514,Vp,15.0,20,750.0,20.0,1500.0,1500,1500.0,1.0,40.0,0.25
3988,78560.0,-0.39333725,Vp,15.0,20,750.0,20.0,1500.0,1500,1500.0,1.0,40.0,0.25
3989,78570.0,-0.38220215,Vp,15.0,20,750.0,20.0,1500.0,1500,1500.0,1.0,40.0,0.25
3990,78580.0,-0.2380333,Vp,15.0,20,750.0,20.0,1500.0,1500,1500.0,1.0,40.0,0.25
3991,78590.0,-0.25605392,Vp,15.0,20,750.0,20.0,1500.0,1500,1500.0,1.0,40.0,0.25
3992,78600.0,-0.3422737,Vp,15.0,20,750.0,20.0,1500.0,1500,1500.0,1.0,40.0,0.25
3993,78610.0,-0.22159958,Vp,15.0,20,750.0,20.0,1500.0,1500,1500.0,1.0,40.0,0.25
3994,78620.0,-0.2734146,Vp,15.0,20,750.0,20.0,1500.0,1500,1500.0,1.0,40.0,0.25
3995,78630.0,-0.016300201,Vp,15.0,20,750.0,20.0,1500.0,1500,1500.0,1.0,40.0,0.25
3996,78640.0,-0.19036102,Vp,15.0,20,750.0,20.0,1500.0,1500,1500.0,1.0,40.0,0.25
3997,78650.0,-0.24135208,Vp,15.0,20,750.0,20.0,1500.0,1500,1500.0,1.0,40.0,0.25
3998,78660.0,-0.13108063,Vp,15.0,20,750.0,20.0,1500.0,1500,1500.0,1.0,40.0,0.25
3999,78670.0,-0.22633743,Vp,15.0,20,750.0,20.0,1500.0,1500,1500.0,1.0,40.0,0.25
4000,78680.0,-0.41854858,Vp,15.0,20,750.0,20.0,1500.0,1500,1500.0,1.0,40.0,0.25
4001,78690.0,-0.3631401,Vp,15.0,20,750.0,20.0,1500.0,1500,1500.0,1.0,40.0,0.25
4002,78700.0,-0.3846817,Vp,15.0,20,750.0,20.0,1500.0,1500,1500.0,1.0,40.0,0.25
4003,78710.0,-0.15097046,Vp,15.0,20,750.0,20.0,1500.0,1500,1500.0,1.0,40.0,0.25
4004,78720.0,-0.14271545,Vp,15.0,20,750.0,20.0,1500.0,1500,1500.0,1.0,40.0,0.25
4005,78730.0,-0.242939,Vp,15.0,20,750.0,20.0,1500.0,1500,1500.0,1.0,40.0,0.25
4006,78740.0,-0.23518753,Vp,15.0,20,750.0,20.0,1500.0,1500,1500.0,1.0,40.0,0.25
4007,78750.0,-0.01102829,Vp,15.0,20,750.0,20.0,1500.0,1500,1500.0,1.0,40.0,0.25
4008,78760.0,-0.17591858,Vp,15.0,20,750.0,20.0,1500.0,1500,1500.0,1.0,40.0,0.25
4009,78770.0,-0.36968994,Vp,15.0,20,750.0,20.0,1500.0,1500,1500.0,1.0,40.0,0.25
4010,78780.0,-0.48799133,Vp,15.0,20,750.0,20.0,1500.0,1500,1500.0,1.0,40.0,0.25
4011,78790.0,-0.08535385,Vp,15.0,20,750.0,20.0,1500.0,1500,1500.0,1.0,40.0,0.25
4012,78800.0,-0.40194702,Vp,15.0,20,750.0,20.0,1500.0,1500,1500.0,1.0,40.0,0.25
4013,78810.0,-0.274765,Vp,15.0,20,750.0,20.0,1500.0,1500,1500.0,1.0,40.0,0.25
4014,78820.0,-0.36971283,Vp,15.0,20,750.0,20.0,1500.0,1500,1500.0,1.0,40.0,0.25
4015,78830.0,-0.26532364,Vp,15.0,20,750.0,20.0,1500.0,1500,1500.0,1.0,40.0,0.25
4016,78840.0,-0.23684692,Vp,15.0,20,750.0,20.0,1500.0,1500,1500.0,1.0,40.0,0.25
4017,78850.0,-0.3502655,Vp,15.0,20,750.0,20.0,1500.0,1500,1500.0,1.0,40.0,0.25
4018,78860.0,-0.38194656,Vp,15.0,20,750.0,20.0,1500.0,1500,1500.0,1.0,40.0,0.25
4019,78870.0,-0.31666183,Vp,15.0,20,750.0,20.0,1500.0,1500,1500.0,1.0,40.0,0.25
4020,78880.0,-0.27352524,Vp,15.0,20,750.0,20.0,1500.0,1500,1500.0,1.0,40.0,0.25
4021,78890.0,-0.33842087,Vp,15.0,20,750.0,20.0,1500.0,1500,1500.0,1.0,40.0,0.25
4022,78900.0,-0.59677887,Vp,15.0,20,750.0,20.0,1500.0,1500,1500.0,1.0,40.0,0.25
4023,78910.0,-0.12955093,Vp,15.0,20,750.0,20.0,1500.0,1500,1500.0,1.0,40.0,0.25
4024,78920.0,0.0008049011,Vp,15.0,20,750.0,20.0,1500.0,1500,1500.0,1.0,40.0,0.25
4025,78930.0,-0.32395554,Vp,15.0,20,750.0,20.0,1500.0,1500,1500.0,1.0,40.0,0.25
4026,78940.0,-0.5262413,Vp,15.0,20,750.0,20.0,1500.0,1500,1500.0,1.0,40.0,0.25
4027,78950.0,-0.36532593,Vp,15.0,20,750.0,20.0,1500.0,1500,1500.0,1.0,40.0,0.25
4028,78960.0,-0.14997101,Vp,15.0,20,750.0,20.0,1500.0,1500,1500.0,1.0,40.0,0.25
4029,78970.0,-0.22481918,Vp,15.0,20,750.0,20.0,1500.0,1500,1500.0,1.0,40.0,0.25
4030,78980.0,-0.28531647,Vp,15.0,20,750.0,20.0,1500.0,1500,1500.0,1.0,40.0,0.25
4031,78990.0,-0.18866348,Vp,15.0,20,750.0,20.0,1500.0,1500,1500.0,1.0,40.0,0.25
4032,79000.0,-0.47597885,Vp,15.0,20,750.0,20.0,1500.0,1500,1500.0,1.0,40.0,0.25
4033,79010.0,-0.6582947,Vp,15.0,20,750.0,20.0,1500.0,1500,1500.0,1.0,40.0,0.25
4034,79020.0,-0.19235611,Vp,15.0,20,750.0,20.0,1500.0,1500,1500.0,1.0,40.0,0.25
4035,79030.0,-0.3969078,Vp,15.0,20,750.0,20.0,1500.0,1500,1500.0,1.0,40.0,0.25
4036,79040.0,-0.5044136,Vp,15.0,20,750.0,20.0,1500.0,1500,1500.0,1.0,40.0,0.25
4037,79050.0,-0.06455231,Vp,15.0,20,750.0,20.0,1500.0,1500,1500.0,1.0,40.0,0.25
4038,79060.0,0.010402679,Vp,15.0,20,750.0,20.0,1500.0,1500,1500.0,1.0,40.0,0.25
4039,79070.0,-0.49464417,Vp,15.0,20,750.0,20.0,1500.0,1500,1500.0,1.0,40.0,0.25
4040,79080.0,-0.4207344,Vp,15.0,20,750.0,20.0,1500.0,1500,1500.0,1.0,40.0,0.25
4041,79090.0,-0.24448776,Vp,15.0,20,750.0,20.0,1500.0,1500,1500.0,1.0,40.0,0.25
4042,79100.0,-0.3469162,Vp,15.0,20,750.0,20.0,1500.0,1500,1500.0,1.0,40.0,0.25
4043,79110.0,-0.64530563,Vp,15.0,20,750.0,20.0,1500.0,1500,1500.0,1.0,40.0,0.25
4044,79120.0,-0.16633606,Vp,15.0,20,750.0,20.0,1500.0,1500,1500.0,1.0,40.0,0.25
4045,79130.0,-0.16015625,Vp,15.0,20,750.0,20.0,1500.0,1500,1500.0,1.0,40.0,0.25
4046,79140.0,-0.31158066,Vp,15.0,20,750.0,20.0,1500.0,1500,1500.0,1.0,40.0,0.25
4047,79150.0,-0.31523895,Vp,15.0,20,750.0,20.0,1500.0,1500,1500.0,1.0,40.0,0.25
4048,79160.0,-0.21294785,Vp,15.0,20,750.0,20.0,1500.0,1500,1500.0,1.0,40.0,0.25
4049,79170.0,-0.3495674,Vp,15.0,20,750.0,20.0,1500.0,1500,1500.0,1.0,40.0,0.25
4050,79180.0,-0.52949524,Vp,15.0,20,750.0,20.0,1500.0,1500,1500.0,1.0,40.0,0.25
4051,79190.0,-0.46183395,Vp,15.0,20,750.0,20.0,1500.0,1500,1500.0,1.0,40.0,0.25
4052,79200.0,-0.38591385,Vp,15.0,20,750.0,20.0,1500.0,1500,1500.0,1.0,40.0,0.25
4053,79210.0,-0.17242432,Vp,15.0,20,750.0,20.0,1500.0,1500,1500.0,1.0,40.0,0.25
4054,79220.0,-0.48931885,Vp,15.0,20,750.0,20.0,1500.0,1500,1500.0,1.0,40.0,0.25
4055,79230.0,-0.63235474,Vp,15.0,20,750.0,20.0,1500.0,1500,1500.0,1.0,40.0,0.25
4056,79240.0,-0.3467064,Vp,15.0,20,750.0,20.0,1500.0,1500,1500.0,1.0,40.0,0.25
4057,79250.0,-0.35235596,Vp,15.0,20,750.0,20.0,1500.0,1500,1500.0,1.0,40.0,0.25
4058,79260.0,-0.4916649,Vp,15.0,20,750.0,20.0,1500.0,1500,1500.0,1.0,40.0,0.25
4059,79270.0,-0.09902573,Vp,15.0,20,750.0,20.0,1500.0,1500,1500.0,1.0,40.0,0.25
4060,79280.0,-0.14759064,Vp,15.0,20,750.0,20.0,1500.0,1500,1500.0,1.0,40.0,0.25
4061,79290.0,-0.20024109,Vp,15.0,20,750.0,20.0,1500.0,1500,1500.0,1.0,40.0,0.25
4062,79300.0,-0.53225327,Vp,15.0,20,750.0,20.0,1500.0,1500,1500.0,1.0,40.0,0.25
4063,79310.0,-0.2698021,Vp,15.0,20,750.0,20.0,1500.0,1500,1500.0,1.0,40.0,0.25
4064,79320.0,-0.5789757,Vp,15.0,20,750.0,20.0,1500.0,1500,1500.0,1.0,40.0,0.25
4065,79330.0,-0.46263123,Vp,15.0,20,750.0,20.0,1500.0,1500,1500.0,1.0,40.0,0.25
4066,79340.0,-0.44945908,Vp,15.0,20,750.0,20.0,1500.0,1500,1500.0,1.0,40.0,0.25
4067,79350.0,-0.37207794,Vp,15.0,20,750.0,20.0,1500.0,1500,1500.0,1.0,40.0,0.25
4068,81670.0,-0.4838028,Vp,15.0,20,750.0,20.0,1500.0,1500,1500.0,1.0,40.0,0.25
4069,81680.0,-0.28305054,Vp,15.0,20,750.0,20.0,1500.0,1500,1500.0,1.0,40.0,0.25
4070,81690.0,-0.3720894,Vp,15.0,20,750.0,20.0,1500.0,1500,1500.0,1.0,40.0,0.25
4071,81700.0,-0.45188904,Vp,15.0,20,750.0,20.0,1500.0,1500,1500.0,1.0,40.0,0.25
4072,81710.0,-0.7595825,Vp,15.0,20,750.0,20.0,1500.0,1500,1500.0,1.0,40.0,0.25
4073,81720.0,-0.06241989,Vp,15.0,20,750.0,20.0,1500.0,1500,1500.0,1.0,40.0,0.25
4074,81730.0,-0.0737381,Vp,15.0,20,750.0,20.0,1500.0,1500,1500.0,1.0,40.0,0.25
4075,81740.0,-0.41254807,Vp,15.0,20,750.0,20.0,1500.0,1500,1500.0,1.0,40.0,0.25
4076,81750.0,-0.47439194,Vp,15.0,20,750.0,20.0,1500.0,1500,1500.0,1.0,40.0,0.25
4077,81760.0,-0.16299057,Vp,15.0,20,750.0,20.0,1500.0,1500,1500.0,1.0,40.0,0.25
4078,81770.0,-0.112335205,Vp,15.0,20,750.0,20.0,1500.0,1500,1500.0,1.0,40.0,0.25
4079,81780.0,-0.49631882,Vp,15.0,20,750.0,20.0,1500.0,1500,1500.0,1.0,40.0,0.25
4080,81790.0,-0.69218826,Vp,15.0,20,750.0,20.0,1500.0,1500,1500.0,1.0,40.0,0.25
4081,81800.0,-0.31837463,Vp,15.0,20,750.0,20.0,1500.0,1500,1500.0,1.0,40.0,0.25
4082,81810.0,-0.29701614,Vp,15.0,20,750.0,20.0,1500.0,1500,1500.0,1.0,40.0,0.25
4083,81820.0,-0.5923691,Vp,15.0,20,750.0,20.0,1500.0,1500,1500.0,1.0,40.0,0.25
4084,81830.0,-0.33589935,Vp,15.0,20,750.0,20.0,1500.0,1500,1500.0,1.0,40.0,0.25
4085,81840.0,-0.5024147,Vp,15.0,20,750.0,20.0,1500.0,1500,1500.0,1.0,40.0,0.25
4086,81850.0,-0.43100357,Vp,15.0,20,750.0,20.0,1500.0,1500,1500.0,1.0,40.0,0.25
4087,81860.0,-0.3675804,Vp,15.0,20,750.0,20.0,1500.0,1500,1500.0,1.0,40.0,0.25
4088,81870.0,-0.35772705,Vp,15.0,20,750.0,20.0,1500.0,1500,1500.0,1.0,40.0,0.25
4089,81880.0,-0.48075104,Vp,15.0,20,750.0,20.0,1500.0,1500,1500.0,1.0,40.0,0.25
4090,81890.0,-0.47236633,Vp,15.0,20,750.0,20.0,1500.0,1500,1500.0,1.0,40.0,0.25
4091,81900.0,-0.54346085,Vp,15.0,20,750.0,20.0,1500.0,1500,1500.0,1.0,40.0,0.25
4092,81910.0,-0.521225,Vp,15.0,20,750.0,20.0,1500.0,1500,1500.0,1.0,40.0,0.25
4093,81920.0,-0.18306732,Vp,15.0,20,750.0,20.0,1500.0,1500,1500.0,1.0,40.0,0.25
4094,81930.0,-0.35808182,Vp,15.0,20,750.0,20.0,1500.0,1500,1500.0,1.0,40.0,0.25
4095,81940.0,-0.5938263,Vp,15.0,20,750.0,20.0,1500.0,1500,1500.0,1.0,40.0,0.25
4096,81950.0,-0.15755463,Vp,15.0,20,750.0,20.0,1500.0,1500,1500.0,1.0,40.0,0.25
4097,81960.0,-0.3197136,Vp,15.0,20,750.0,20.0,1500.0,1500,1500.0,1.0,40.0,0.25
4098,81970.0,-0.33981705,Vp,15.0,20,750.0,20.0,1500.0,1500,1500.0,1.0,40.0,0.25
4099,81980.0,-0.30770493,Vp,15.0,20,750.0,20.0,1500.0,1500,1500.0,1.0,40.0,0.25
4100,81990.0,-0.38464355,Vp,15.0,20,750.0,20.0,1500.0,1500,1500.0,1.0,40.0,0.25
4101,82000.0,-0.3536873,Vp,15.0,20,750.0,20.0,1500.0,1500,1500.0,1.0,40.0,0.25
4102,82010.0,-0.4771881,Vp,15.0,20,750.0,20.0,1500.0,1500,1500.0,1.0,40.0,0.25
4103,82020.0,-0.57865906,Vp,15.0,20,750.0,20.0,1500.0,1500,1500.0,1.0,40.0,0.25
4104,82030.0,-0.26011276,Vp,15.0,20,750.0,20.0,1500.0,1500,1500.0,1.0,40.0,0.25
4105,82040.0,-0.30137253,Vp,15.0,20,750.0,20.0,1500.0,1500,1500.0,1.0,40.0,0.25
4106,82050.0,-0.35457993,Vp,15.0,20,750.0,20.0,1500.0,1500,1500.0,1.0,40.0,0.25
4107,82060.0,-0.3312912,Vp,15.0,20,750.0,20.0,1500.0,1500,1500.0,1.0,40.0,0.25
4108,82070.0,-0.4848671,Vp,15.0,20,750.0,20.0,1500.0,1500,1500.0,1.0,40.0,0.25
4109,82080.0,-0.5286751,Vp,15.0,20,750.0,20.0,1500.0,1500,1500.0,1.0,40.0,0.25
4110,82090.0,-0.39395905,Vp,15.0,20,750.0,20.0,1500.0,1500,1500.0,1.0,40.0,0.25
4111,82100.0,-0.37677765,Vp,15.0,20,750.0,20.0,1500.0,1500,1500.0,1.0,40.0,0.25
4112,82110.0,-0.44300842,Vp,15.0,20,750.0,20.0,1500.0,1500,1500.0,1.0,40.0,0.25
4113,82120.0,-0.32967377,Vp,15.0,20,750.0,20.0,1500.0,1500,1500.0,1.0,40.0,0.25
4114,82130.0,-0.5336685,Vp,15.0,20,750.0,20.0,1500.0,1500,1500.0,1.0,40.0,0.25
4115,82140.0,-0.47089767,Vp,15.0,20,750.0,20.0,1500.0,1500,1500.0,1.0,40.0,0.25
4116,82150.0,-0.40530014,Vp,15.0,20,750.0,20.0,1500.0,1500,1500.0,1.0,40.0,0.25
4117,82160.0,-0.29452515,Vp,15.0,20,750.0,20.0,1500.0,1500,1500.0,1.0,40.0,0.25
4118,82170.0,-0.2780304,Vp,15.0,20,750.0,20.0,1500.0,1500,1500.0,1.0,40.0,0.25
4119,82180.0,-0.39530563,Vp,15.0,20,750.0,20.0,1500.0,1500,1500.0,1.0,40.0,0.25
4120,82190.0,-0.2337265,Vp,15.0,20,750.0,20.0,1500.0,1500,1500.0,1.0,40.0,0.25
4121,82200.0,-0.5082474,Vp,15.0,20,750.0,20.0,1500.0,1500,1500.0,1.0,40.0,0.25
4122,82210.0,-0.31383133,Vp,15.0,20,750.0,20.0,1500.0,1500,1500.0,1.0,40.0,0.25
4123,82220.0,-0.36925125,Vp,15.0,20,750.0,20.0,1500.0,1500,1500.0,1.0,40.0,0.25
4124,82230.0,-0.62548065,Vp,15.0,20,750.0,20.0,1500.0,1500,1500.0,1.0,40.0,0.25
4125,82240.0,-0.54035187,Vp,15.0,20,750.0,20.0,1500.0,1500,1500.0,1.0,40.0,0.25
4126,82250.0,-0.4535179,Vp,15.0,20,750.0,20.0,1500.0,1500,1500.0,1.0,40.0,0.25
4127,82260.0,-0.45249557,Vp,15.0,20,750.0,20.0,1500.0,1500,1500.0,1.0,40.0,0.25
4128,82270.0,-0.3619728,Vp,15.0,20,750.0,20.0,1500.0,1500,1500.0,1.0,40.0,0.25
4129,82280.0,-0.2735138,Vp,15.0,20,750.0,20.0,1500.0,1500,1500.0,1.0,40.0,0.25
4130,82290.0,-0.54644775,Vp,15.0,20,750.0,20.0,1500.0,1500,1500.0,1.0,40.0,0.25
4131,82300.0,-0.6188469,Vp,15.0,20,750.0,20.0,1500.0,1500,1500.0,1.0,40.0,0.25
4132,82310.0,-0.15274048,Vp,15.0,20,750.0,20.0,1500.0,1500,1500.0,1.0,40.0,0.25
4133,82320.0,-0.2140274,Vp,15.0,20,750.0,20.0,1500.0,1500,1500.0,1.0,40.0,0.25
4134,82330.0,-0.56017303,Vp,15.0,20,750.0,20.0,1500.0,1500,1500.0,1.0,40.0,0.25
4135,82340.0,-0.43981552,Vp,15.0,20,750.0,20.0,1500.0,1500,1500.0,1.0,40.0,0.25
4136,82350.0,-0.34645462,Vp,15.0,20,750.0,20.0,1500.0,1500,1500.0,1.0,40.0,0.25
4137,82360.0,-0.34714127,Vp,15.0,20,750.0,20.0,1500.0,1500,1500.0,1.0,40.0,0.25
4138,82370.0,-0.45046234,Vp,15.0,20,750.0,20.0,1500.0,1500,1500.0,1.0,40.0,0.25
4139,82380.0,-0.20283508,Vp,15.0,20,750.0,20.0,1500.0,1500,1500.0,1.0,40.0,0.25
4140,82390.0,-0.37954712,Vp,15.0,20,750.0,20.0,1500.0,1500,1500.0,1.0,40.0,0.25
4141,82400.0,-0.14682007,Vp,15.0,20,750.0,20.0,1500.0,1500,1500.0,1.0,40.0,0.25
4142,82410.0,-0.24017715,Vp,15.0,20,750.0,20.0,1500.0,1500,1500.0,1.0,40.0,0.25
4143,82420.0,-0.17589569,Vp,15.0,20,750.0,20.0,1500.0,1500,1500.0,1.0,40.0,0.25
4144,82430.0,4.9159393,Vp,15.0,20,750.0,20.0,1500.0,1500,1500.0,1.0,40.0,0.25
4145,82440.0,6.7030487,Vp,15.0,20,750.0,20.0,1500.0,1500,1500.0,1.0,40.0,0.25
4146,82450.0,5.7908096,Vp,15.0,20,750.0,20.0,1500.0,1500,1500.0,1.0,40.0,0.25
4147,82460.0,4.5263214,Vp,15.0,20,750.0,20.0,1500.0,1500,1500.0,1.0,40.0,0.25
4148,82470.0,3.5168495,Vp,15.0,20,750.0,20.0,1500.0,1500,1500.0,1.0,40.0,0.25
4149,82480.0,2.8560066,Vp,15.0,20,750.0,20.0,1500.0,1500,1500.0,1.0,40.0,0.25
4150,82490.0,2.4119682,Vp,15.0,20,750.0,20.0,1500.0,1500,1500.0,1.0,40.0,0.25
4151,82500.0,2.1192741,Vp,15.0,20,750.0,20.0,1500.0,1500,1500.0,1.0,40.0,0.25
4152,82510.0,1.9339981,Vp,15.0,20,750.0,20.0,1500.0,1500,1500.0,1.0,40.0,0.25
4153,82520.0,1.7966805,Vp,15.0,20,750.0,20.0,1500.0,1500,1500.0,1.0,40.0,0.25
4154,82530.0,1.6929245,Vp,15.0,20,750.0,20.0,1500.0,1500,1500.0,1.0,40.0,0.25
4155,82540.0,1.612957,Vp,15.0,20,750.0,20.0,1500.0,1500,1500.0,1.0,40.0,0.25
4156,82550.0,1.5579758,Vp,15.0,20,750.0,20.0,1500.0,1500,1500.0,1.0,40.0,0.25
4157,82560.0,1.516964,Vp,15.0,20,750.0,20.0,1500.0,1500,1500.0,1.0,40.0,0.25
4158,82570.0,1.5186653,Vp,15.0,20,750.0,20.0,1500.0,1500,1500.0,1.0,40.0,0.25
4159,82580.0,1.4727364,Vp,15.0,20,750.0,20.0,1500.0,1500,1500.0,1.0,40.0,0.25
4160,82590.0,1.4400826,Vp,15.0,20,750.0,20.0,1500.0,1500,1500.0,1.0,40.0,0.25
4161,82600.0,1.3785934,Vp,15.0,20,750.0,20.0,1500.0,1500,1500.0,1.0,40.0,0.25
4162,82610.0,1.3285294,Vp,15.0,20,750.0,20.0,1500.0,1500,1500.0,1.0,40.0,0.25
4163,82620.0,1.2877159,Vp,15.0,20,750.0,20.0,1500.0,1500,1500.0,1.0,40.0,0.25
4164,82630.0,1.2142715,Vp,15.0,20,750.0,20.0,1500.0,1500,1500.0,1.0,40.0,0.25
4165,82640.0,1.1647034,Vp,15.0,20,750.0,20.0,1500.0,1500,1500.0,1.0,40.0,0.25
4166,82650.0,1.1050186,Vp,15.0,20,750.0,20.0,1500.0,1500,1500.0,1.0,40.0,0.25
4167,82660.0,1.1007614,Vp,15.0,20,750.0,20.0,1500.0,1500,1500.0,1.0,40.0,0.25
4168,82670.0,1.0317764,Vp,15.0,20,750.0,20.0,1500.0,1500,1500.0,1.0,40.0,0.25
4169,82680.0,0.94831085,Vp,15.0,20,750.0,20.0,1500.0,1500,1500.0,1.0,40.0,0.25
4170,82690.0,0.88526917,Vp,15.0,20,750.0,20.0,1500.0,1500,1500.0,1.0,40.0,0.25
4171,82700.0,0.79478073,Vp,15.0,20,750.0,20.0,1500.0,1500,1500.0,1.0,40.0,0.25
4172,82710.0,0.64941025,Vp,15.0,20,750.0,20.0,1500.0,1500,1500.0,1.0,40.0,0.25
4173,82720.0,0.46481323,Vp,15.0,20,750.0,20.0,1500.0,1500,1500.0,1.0,40.0,0.25
4174,82730.0,0.43377686,Vp,15.0,20,750.0,20.0,1500.0,1500,1500.0,1.0,40.0,0.25
4175,82740.0,0.4293747,Vp,15.0,20,750.0,20.0,1500.0,1500,1500.0,1.0,40.0,0.25
4176,82750.0,0.275692,Vp,15.0,20,750.0,20.0,1500.0,1500,1500.0,1.0,40.0,0.25
4177,82760.0,0.08039856,Vp,15.0,20,750.0,20.0,1500.0,1500,1500.0,1.0,40.0,0.25
4178,82770.0,-0.029449463,Vp,15.0,20,750.0,20.0,1500.0,1500,1500.0,1.0,40.0,0.25
4179,82780.0,-0.09825897,Vp,15.0,20,750.0,20.0,1500.0,1500,1500.0,1.0,40.0,0.25
4180,82790.0,-0.19160843,Vp,15.0,20,750.0,20.0,1500.0,1500,1500.0,1.0,40.0,0.25
4181,82800.0,-0.28651428,Vp,15.0,20,750.0,20.0,1500.0,1500,1500.0,1.0,40.0,0.25
4182,82810.0,-0.15207672,Vp,15.0,20,750.0,20.0,1500.0,1500,1500.0,1.0,40.0,0.25
4183,82820.0,-0.16116333,Vp,15.0,20,750.0,20.0,1500.0,1500,1500.0,1.0,40.0,0.25
4184,82830.0,-0.27182007,Vp,15.0,20,750.0,20.0,1500.0,1500,1500.0,1.0,40.0,0.25
4185,82840.0,-0.3128891,Vp,15.0,20,750.0,20.0,1500.0,1500,1500.0,1.0,40.0,0.25
4186,82850.0,-0.17917633,Vp,15.0,20,750.0,20.0,1500.0,1500,1500.0,1.0,40.0,0.25
4187,82860.0,-0.19245148,Vp,15.0,20,750.0,20.0,1500.0,1500,1500.0,1.0,40.0,0.25
4188,82870.0,-0.307827,Vp,15.0,20,750.0,20.0,1500.0,1500,1500.0,1.0,40.0,0.25
4189,82880.0,-0.15468979,Vp,15.0,20,750.0,20.0,1500.0,1500,1500.0,1.0,40.0,0.25
4190,82890.0,-0.13355637,Vp,15.0,20,750.0,20.0,1500.0,1500,1500.0,1.0,40.0,0.25
4191,82900.0,-0.2582512,Vp,15.0,20,750.0,20.0,1500.0,1500,1500.0,1.0,40.0,0.25
4192,82910.0,-0.30738068,Vp,15.0,20,750.0,20.0,1500.0,1500,1500.0,1.0,40.0,0.25
4193,82920.0,-0.2334404,Vp,15.0,20,750.0,20.0,1500.0,1500,1500.0,1.0,40.0,0.25
4194,82930.0,-0.34111786,Vp,15.0,20,750.0,20.0,1500.0,1500,1500.0,1.0,40.0,0.25
4195,82940.0,-0.30841446,Vp,15.0,20,750.0,20.0,1500.0,1500,1500.0,1.0,40.0,0.25
4196,82950.0,-0.1428566,Vp,15.0,20,750.0,20.0,1500.0,1500,1500.0,1.0,40.0,0.25
4197,82960.0,-0.327919,Vp,15.0,20,750.0,20.0,1500.0,1500,1500.0,1.0,40.0,0.25
4198,82970.0,-0.10774231,Vp,15.0,20,750.0,20.0,1500.0,1500,1500.0,1.0,40.0,0.25
4199,82980.0,-0.015155792,Vp,15.0,20,750.0,20.0,1500.0,1500,1500.0,1.0,40.0,0.25
4200,82990.0,-0.25223923,Vp,15.0,20,750.0,20.0,1500.0,1500,1500.0,1.0,40.0,0.25
4201,83000.0,-0.26513672,Vp,15.0,20,750.0,20.0,1500.0,1500,1500.0,1.0,40.0,0.25
4202,83010.0,-0.24355698,Vp,15.0,20,750.0,20.0,1500.0,1500,1500.0,1.0,40.0,0.25
4203,83020.0,-0.3413353,Vp,15.0,20,750.0,20.0,1500.0,1500,1500.0,1.0,40.0,0.25
4204,83030.0,-0.34192276,Vp,15.0,20,750.0,20.0,1500.0,1500,1500.0,1.0,40.0,0.25
4205,83040.0,-0.39583588,Vp,15.0,20,750.0,20.0,1500.0,1500,1500.0,1.0,40.0,0.25
4206,83050.0,-0.15454865,Vp,15.0,20,750.0,20.0,1500.0,1500,1500.0,1.0,40.0,0.25
4207,83060.0,-0.30581665,Vp,15.0,20,750.0,20.0,1500.0,1500,1500.0,1.0,40.0,0.25
4208,83070.0,-0.118198395,Vp,15.0,20,750.0,20.0,1500.0,1500,1500.0,1.0,40.0,0.25
4209,83080.0,-0.021896362,Vp,15.0,20,750.0,20.0,1500.0,1500,1500.0,1.0,40.0,0.25
4210,83090.0,-0.09456253,Vp,15.0,20,750.0,20.0,1500.0,1500,1500.0,1.0,40.0,0.25
4211,83100.0,-0.33576202,Vp,15.0,20,750.0,20.0,1500.0,1500,1500.0,1.0,40.0,0.25
4212,83110.0,-0.3490448,Vp,15.0,20,750.0,20.0,1500.0,1500,1500.0,1.0,40.0,0.25
4213,83120.0,-0.31010056,Vp,15.0,20,750.0,20.0,1500.0,1500,1500.0,1.0,40.0,0.25
4214,83130.0,0.1145668,Vp,15.0,20,750.0,20.0,1500.0,1500,1500.0,1.0,40.0,0.25
4215,83140.0,-0.08377457,Vp,15.0,20,750.0,20.0,1500.0,1500,1500.0,1.0,40.0,0.25
4216,83150.0,-0.49167252,Vp,15.0,20,750.0,20.0,1500.0,1500,1500.0,1.0,40.0,0.25
4217,83160.0,-0.3651352,Vp,15.0,20,750.0,20.0,1500.0,1500,1500.0,1.0,40.0,0.25
4218,83170.0,0.060920715,Vp,15.0,20,750.0,20.0,1500.0,1500,1500.0,1.0,40.0,0.25
4219,83180.0,-0.057662964,Vp,15.0,20,750.0,20.0,1500.0,1500,1500.0,1.0,40.0,0.25
4220,83190.0,-0.13891602,Vp,15.0,20,750.0,20.0,1500.0,1500,1500.0,1.0,40.0,0.25
4221,83200.0,-0.45520782,Vp,15.0,20,750.0,20.0,1500.0,1500,1500.0,1.0,40.0,0.25
4222,83210.0,-0.2156868,Vp,15.0,20,750.0,20.0,1500.0,1500,1500.0,1.0,40.0,0.25
4223,83220.0,-0.030220032,Vp,15.0,20,750.0,20.0,1500.0,1500,1500.0,1.0,40.0,0.25
4224,83230.0,-0.4414673,Vp,15.0,20,750.0,20.0,1500.0,1500,1500.0,1.0,40.0,0.25
4225,83240.0,-0.26832962,Vp,15.0,20,750.0,20.0,1500.0,1500,1500.0,1.0,40.0,0.25
4226,83250.0,-0.14656067,Vp,15.0,20,750.0,20.0,1500.0,1500,1500.0,1.0,40.0,0.25
4227,83260.0,-0.26148605,Vp,15.0,20,750.0,20.0,1500.0,1500,1500.0,1.0,40.0,0.25
4228,83270.0,-0.35088348,Vp,15.0,20,750.0,20.0,1500.0,1500,1500.0,1.0,40.0,0.25
4229,83280.0,0.023181915,Vp,15.0,20,750.0,20.0,1500.0,1500,1500.0,1.0,40.0,0.25
4230,83290.0,-0.20811081,Vp,15.0,20,750.0,20.0,1500.0,1500,1500.0,1.0,40.0,0.25
4231,83300.0,-0.27303696,Vp,15.0,20,750.0,20.0,1500.0,1500,1500.0,1.0,40.0,0.25
4232,83310.0,-0.27197266,Vp,15.0,20,750.0,20.0,1500.0,1500,1500.0,1.0,40.0,0.25
4233,83320.0,-0.18113708,Vp,15.0,20,750.0,20.0,1500.0,1500,1500.0,1.0,40.0,0.25
4234,83330.0,-0.30932236,Vp,15.0,20,750.0,20.0,1500.0,1500,1500.0,1.0,40.0,0.25
4235,83340.0,-0.36687088,Vp,15.0,20,750.0,20.0,1500.0,1500,1500.0,1.0,40.0,0.25
4236,83350.0,-0.17253113,Vp,15.0,20,750.0,20.0,1500.0,1500,1500.0,1.0,40.0,0.25
4237,83360.0,-0.062084198,Vp,15.0,20,750.0,20.0,1500.0,1500,1500.0,1.0,40.0,0.25
4238,83370.0,-0.46323776,Vp,15.0,20,750.0,20.0,1500.0,1500,1500.0,1.0,40.0,0.25
4239,83380.0,-0.47673416,Vp,15.0,20,750.0,20.0,1500.0,1500,1500.0,1.0,40.0,0.25
4240,83390.0,-0.44810486,Vp,15.0,20,750.0,20.0,1500.0,1500,1500.0,1.0,40.0,0.25
4241,83400.0,-0.3484993,Vp,15.0,20,750.0,20.0,1500.0,1500,1500.0,1.0,40.0,0.25
4242,83410.0,-0.32213974,Vp,15.0,20,750.0,20.0,1500.0,1500,1500.0,1.0,40.0,0.25
4243,83420.0,-0.022380829,Vp,15.0,20,750.0,20.0,1500.0,1500,1500.0,1.0,40.0,0.25
4244,83430.0,-0.39139557,Vp,15.0,20,750.0,20.0,1500.0,1500,1500.0,1.0,40.0,0.25
4245,83440.0,-0.3913002,Vp,15.0,20,750.0,20.0,1500.0,1500,1500.0,1.0,40.0,0.25
4246,83450.0,-0.19733429,Vp,15.0,20,750.0,20.0,1500.0,1500,1500.0,1.0,40.0,0.25
4247,83460.0,-0.23860931,Vp,15.0,20,750.0,20.0,1500.0,1500,1500.0,1.0,40.0,0.25
4248,83470.0,-0.30166626,Vp,15.0,20,750.0,20.0,1500.0,1500,1500.0,1.0,40.0,0.25
4249,83480.0,-0.35046387,Vp,15.0,20,750.0,20.0,1500.0,1500,1500.0,1.0,40.0,0.25
4250,83490.0,0.030338287,Vp,15.0,20,750.0,20.0,1500.0,1500,1500.0,1.0,40.0,0.25
4251,83500.0,-0.12348175,Vp,15.0,20,750.0,20.0,1500.0,1500,1500.0,1.0,40.0,0.25
4252,83510.0,-0.49536133,Vp,15.0,20,750.0,20.0,1500.0,1500,1500.0,1.0,40.0,0.25
4253,83520.0,-0.37114334,Vp,15.0,20,750.0,20.0,1500.0,1500,1500.0,1.0,40.0,0.25
4254,83530.0,-0.30371094,Vp,15.0,20,750.0,20.0,1500.0,1500,1500.0,1.0,40.0,0.25
4255,83540.0,-0.35033417,Vp,15.0,20,750.0,20.0,1500.0,1500,1500.0,1.0,40.0,0.25
4256,83550.0,-0.20520782,Vp,15.0,20,750.0,20.0,1500.0,1500,1500.0,1.0,40.0,0.25
4257,83560.0,-0.41243744,Vp,15.0,20,750.0,20.0,1500.0,1500,1500.0,1.0,40.0,0.25
4258,83570.0,-0.4745865,Vp,15.0,20,750.0,20.0,1500.0,1500,1500.0,1.0,40.0,0.25
4259,83580.0,-0.23440552,Vp,15.0,20,750.0,20.0,1500.0,1500,1500.0,1.0,40.0,0.25
4260,83590.0,-0.11433411,Vp,15.0,20,750.0,20.0,1500.0,1500,1500.0,1.0,40.0,0.25
4261,83600.0,-0.2575493,Vp,15.0,20,750.0,20.0,1500.0,1500,1500.0,1.0,40.0,0.25
4262,83610.0,-0.36465073,Vp,15.0,20,750.0,20.0,1500.0,1500,1500.0,1.0,40.0,0.25
4263,83620.0,-0.06713486,Vp,15.0,20,750.0,20.0,1500.0,1500,1500.0,1.0,40.0,0.25
4264,83630.0,-0.14239883,Vp,15.0,20,750.0,20.0,1500.0,1500,1500.0,1.0,40.0,0.25
4265,83640.0,-0.057476044,Vp,15.0,20,750.0,20.0,1500.0,1500,1500.0,1.0,40.0,0.25
4266,83650.0,-0.40441513,Vp,15.0,20,750.0,20.0,1500.0,1500,1500.0,1.0,40.0,0.25
4267,83660.0,-0.36855316,Vp,15.0,20,750.0,20.0,1500.0,1500,1500.0,1.0,40.0,0.25
4268,83670.0,-0.44429398,Vp,15.0,20,750.0,20.0,1500.0,1500,1500.0,1.0,40.0,0.25
4269,83680.0,-0.523674,Vp,15.0,20,750.0,20.0,1500.0,1500,1500.0,1.0,40.0,0.25
4270,83690.0,-0.26845932,Vp,15.0,20,750.0,20.0,1500.0,1500,1500.0,1.0,40.0,0.25
4271,83700.0,-0.36030197,Vp,15.0,20,750.0,20.0,1500.0,1500,1500.0,1.0,40.0,0.25
4272,83710.0,-0.4724121,Vp,15.0,20,750.0,20.0,1500.0,1500,1500.0,1.0,40.0,0.25
4273,83720.0,-0.21343613,Vp,15.0,20,750.0,20.0,1500.0,1500,1500.0,1.0,40.0,0.25
4274,83730.0,-0.3113594,Vp,15.0,20,750.0,20.0,1500.0,1500,1500.0,1.0,40.0,0.25
4275,83740.0,-0.517437,Vp,15.0,20,750.0,20.0,1500.0,1500,1500.0,1.0,40.0,0.25
4276,83750.0,-0.333683,Vp,15.0,20,750.0,20.0,1500.0,1500,1500.0,1.0,40.0,0.25
4277,83760.0,-0.1584549,Vp,15.0,20,750.0,20.0,1500.0,1500,1500.0,1.0,40.0,0.25
4278,83770.0,-0.28009796,Vp,15.0,20,750.0,20.0,1500.0,1500,1500.0,1.0,40.0,0.25
4279,83780.0,-0.59908676,Vp,15.0,20,750.0,20.0,1500.0,1500,1500.0,1.0,40.0,0.25
4280,83790.0,-0.5386467,Vp,15.0,20,750.0,20.0,1500.0,1500,1500.0,1.0,40.0,0.25
4281,83800.0,-0.3332634,Vp,15.0,20,750.0,20.0,1500.0,1500,1500.0,1.0,40.0,0.25
4282,83810.0,-0.24975204,Vp,15.0,20,750.0,20.0,1500.0,1500,1500.0,1.0,40.0,0.25
4283,83820.0,-0.3965187,Vp,15.0,20,750.0,20.0,1500.0,1500,1500.0,1.0,40.0,0.25
4284,83830.0,-0.36666107,Vp,15.0,20,750.0,20.0,1500.0,1500,1500.0,1.0,40.0,0.25
4285,83840.0,-0.26568222,Vp,15.0,20,750.0,20.0,1500.0,1500,1500.0,1.0,40.0,0.25
4286,83850.0,-0.44697952,Vp,15.0,20,750.0,20.0,1500.0,1500,1500.0,1.0,40.0,0.25
4287,83860.0,-0.3070526,Vp,15.0,20,750.0,20.0,1500.0,1500,1500.0,1.0,40.0,0.25
4288,83870.0,-0.15257263,Vp,15.0,20,750.0,20.0,1500.0,1500,1500.0,1.0,40.0,0.25
4289,83880.0,-0.7562218,Vp,15.0,20,750.0,20.0,1500.0,1500,1500.0,1.0,40.0,0.25
4290,83890.0,-0.34127426,Vp,15.0,20,750.0,20.0,1500.0,1500,1500.0,1.0,40.0,0.25
4291,83900.0,-0.0784111,Vp,15.0,20,750.0,20.0,1500.0,1500,1500.0,1.0,40.0,0.25
4292,83910.0,-0.26169205,Vp,15.0,20,750.0,20.0,1500.0,1500,1500.0,1.0,40.0,0.25
4293,83920.0,-0.5486107,Vp,15.0,20,750.0,20.0,1500.0,1500,1500.0,1.0,40.0,0.25
4294,86440.0,-0.3504219,Vp,15.0,20,750.0,20.0,1500.0,1500,1500.0,1.0,40.0,0.25
4295,86450.0,-0.3138733,Vp,15.0,20,750.0,20.0,1500.0,1500,1500.0,1.0,40.0,0.25
4296,86460.0,-0.5797348,Vp,15.0,20,750.0,20.0,1500.0,1500,1500.0,1.0,40.0,0.25
4297,86470.0,-0.38050842,Vp,15.0,20,750.0,20.0,1500.0,1500,1500.0,1.0,40.0,0.25
4298,86480.0,-0.47491837,Vp,15.0,20,750.0,20.0,1500.0,1500,1500.0,1.0,40.0,0.25
4299,86490.0,-0.37575912,Vp,15.0,20,750.0,20.0,1500.0,1500,1500.0,1.0,40.0,0.25
4300,86500.0,-0.34548187,Vp,15.0,20,750.0,20.0,1500.0,1500,1500.0,1.0,40.0,0.25
4301,86510.0,-0.5770645,Vp,15.0,20,750.0,20.0,1500.0,1500,1500.0,1.0,40.0,0.25
4302,86520.0,-0.43574905,Vp,15.0,20,750.0,20.0,1500.0,1500,1500.0,1.0,40.0,0.25
4303,86530.0,-0.17695999,Vp,15.0,20,750.0,20.0,1500.0,1500,1500.0,1.0,40.0,0.25
4304,86540.0,-0.2716217,Vp,15.0,20,750.0,20.0,1500.0,1500,1500.0,1.0,40.0,0.25
4305,86550.0,-0.6729698,Vp,15.0,20,750.0,20.0,1500.0,1500,1500.0,1.0,40.0,0.25
4306,86560.0,-0.46434784,Vp,15.0,20,750.0,20.0,1500.0,1500,1500.0,1.0,40.0,0.25
4307,86570.0,-0.14199829,Vp,15.0,20,750.0,20.0,1500.0,1500,1500.0,1.0,40.0,0.25
4308,86580.0,-0.3100052,Vp,15.0,20,750.0,20.0,1500.0,1500,1500.0,1.0,40.0,0.25
4309,86590.0,-0.48525238,Vp,15.0,20,750.0,20.0,1500.0,1500,1500.0,1.0,40.0,0.25
4310,86600.0,-0.33847046,Vp,15.0,20,750.0,20.0,1500.0,1500,1500.0,1.0,40.0,0.25
4311,86610.0,-0.56059265,Vp,15.0,20,750.0,20.0,1500.0,1500,1500.0,1.0,40.0,0.25
4312,86620.0,-0.417305,Vp,15.0,20,750.0,20.0,1500.0,1500,1500.0,1.0,40.0,0.25
4313,86630.0,-0.14107513,Vp,15.0,20,750.0,20.0,1500.0,1500,1500.0,1.0,40.0,0.25
4314,86640.0,-0.3873787,Vp,15.0,20,750.0,20.0,1500.0,1500,1500.0,1.0,40.0,0.25
4315,86650.0,-0.42160034,Vp,15.0,20,750.0,20.0,1500.0,1500,1500.0,1.0,40.0,0.25
4316,86660.0,-0.52632904,Vp,15.0,20,750.0,20.0,1500.0,1500,1500.0,1.0,40.0,0.25
4317,86670.0,-0.48256683,Vp,15.0,20,750.0,20.0,1500.0,1500,1500.0,1.0,40.0,0.25
4318,86680.0,-0.12127304,Vp,15.0,20,750.0,20.0,1500.0,1500,1500.0,1.0,40.0,0.25
4319,86690.0,-0.3916893,Vp,15.0,20,750.0,20.0,1500.0,1500,1500.0,1.0,40.0,0.25
4320,86700.0,-0.6128769,Vp,15.0,20,750.0,20.0,1500.0,1500,1500.0,1.0,40.0,0.25
4321,86710.0,-0.22642899,Vp,15.0,20,750.0,20.0,1500.0,1500,1500.0,1.0,40.0,0.25
4322,86720.0,-0.12971497,Vp,15.0,20,750.0,20.0,1500.0,1500,1500.0,1.0,40.0,0.25
4323,86730.0,-0.4028778,Vp,15.0,20,750.0,20.0,1500.0,1500,1500.0,1.0,40.0,0.25
4324,86740.0,-0.72616196,Vp,15.0,20,750.0,20.0,1500.0,1500,1500.0,1.0,40.0,0.25
4325,86750.0,-0.23822784,Vp,15.0,20,750.0,20.0,1500.0,1500,1500.0,1.0,40.0,0.25
4326,86760.0,-0.03818512,Vp,15.0,20,750.0,20.0,1500.0,1500,1500.0,1.0,40.0,0.25
4327,86770.0,-0.38062286,Vp,15.0,20,750.0,20.0,1500.0,1500,1500.0,1.0,40.0,0.25
4328,86780.0,-0.54343414,Vp,15.0,20,750.0,20.0,1500.0,1500,1500.0,1.0,40.0,0.25
4329,86790.0,-0.59562683,Vp,15.0,20,750.0,20.0,1500.0,1500,1500.0,1.0,40.0,0.25
4330,86800.0,-0.39914703,Vp,15.0,20,750.0,20.0,1500.0,1500,1500.0,1.0,40.0,0.25
4331,86810.0,-0.5369148,Vp,15.0,20,750.0,20.0,1500.0,1500,1500.0,1.0,40.0,0.25
4332,86820.0,-0.64616394,Vp,15.0,20,750.0,20.0,1500.0,1500,1500.0,1.0,40.0,0.25
4333,86830.0,-0.21147156,Vp,15.0,20,750.0,20.0,1500.0,1500,1500.0,1.0,40.0,0.25
4334,86840.0,-0.3817978,Vp,15.0,20,750.0,20.0,1500.0,1500,1500.0,1.0,40.0,0.25
4335,86850.0,-0.61203766,Vp,15.0,20,750.0,20.0,1500.0,1500,1500.0,1.0,40.0,0.25
4336,86860.0,-0.38768768,Vp,15.0,20,750.0,20.0,1500.0,1500,1500.0,1.0,40.0,0.25
4337,86870.0,-0.36156464,Vp,15.0,20,750.0,20.0,1500.0,1500,1500.0,1.0,40.0,0.25
4338,86880.0,-0.29647064,Vp,15.0,20,750.0,20.0,1500.0,1500,1500.0,1.0,40.0,0.25
4339,86890.0,-0.4766922,Vp,15.0,20,750.0,20.0,1500.0,1500,1500.0,1.0,40.0,0.25
4340,86900.0,-0.38994217,Vp,15.0,20,750.0,20.0,1500.0,1500,1500.0,1.0,40.0,0.25
4341,86910.0,-0.3758812,Vp,15.0,20,750.0,20.0,1500.0,1500,1500.0,1.0,40.0,0.25
4342,86920.0,-0.4406662,Vp,15.0,20,750.0,20.0,1500.0,1500,1500.0,1.0,40.0,0.25
4343,86930.0,-0.15459442,Vp,15.0,20,750.0,20.0,1500.0,1500,1500.0,1.0,40.0,0.25
4344,86940.0,-0.45724487,Vp,15.0,20,750.0,20.0,1500.0,1500,1500.0,1.0,40.0,0.25
4345,86950.0,-0.45770645,Vp,15.0,20,750.0,20.0,1500.0,1500,1500.0,1.0,40.0,0.25
4346,86960.0,-0.5800514,Vp,15.0,20,750.0,20.0,1500.0,1500,1500.0,1.0,40.0,0.25
4347,86970.0,-0.34675598,Vp,15.0,20,750.0,20.0,1500.0,1500,1500.0,1.0,40.0,0.25
4348,86980.0,-0.24121475,Vp,15.0,20,750.0,20.0,1500.0,1500,1500.0,1.0,40.0,0.25
4349,86990.0,-0.36916733,Vp,15.0,20,750.0,20.0,1500.0,1500,1500.0,1.0,40.0,0.25
4350,87000.0,-0.46548843,Vp,15.0,20,750.0,20.0,1500.0,1500,1500.0,1.0,40.0,0.25
4351,87010.0,-0.44662857,Vp,15.0,20,750.0,20.0,1500.0,1500,1500.0,1.0,40.0,0.25
4352,87020.0,-0.3310852,Vp,15.0,20,750.0,20.0,1500.0,1500,1500.0,1.0,40.0,0.25
4353,87030.0,-0.44822693,Vp,15.0,20,750.0,20.0,1500.0,1500,1500.0,1.0,40.0,0.25
4354,87040.0,-0.45788574,Vp,15.0,20,750.0,20.0,1500.0,1500,1500.0,1.0,40.0,0.25
4355,87050.0,-0.5971031,Vp,15.0,20,750.0,20.0,1500.0,1500,1500.0,1.0,40.0,0.25
4356,87060.0,-0.29559326,Vp,15.0,20,750.0,20.0,1500.0,1500,1500.0,1.0,40.0,0.25
4357,87070.0,0.029289246,Vp,15.0,20,750.0,20.0,1500.0,1500,1500.0,1.0,40.0,0.25
4358,87080.0,-0.39141083,Vp,15.0,20,750.0,20.0,1500.0,1500,1500.0,1.0,40.0,0.25
4359,87090.0,-0.51699066,Vp,15.0,20,750.0,20.0,1500.0,1500,1500.0,1.0,40.0,0.25
4360,87100.0,-0.45279312,Vp,15.0,20,750.0,20.0,1500.0,1500,1500.0,1.0,40.0,0.25
4361,87110.0,-0.122558594,Vp,15.0,20,750.0,20.0,1500.0,1500,1500.0,1.0,40.0,0.25
4362,87120.0,-0.12536621,Vp,15.0,20,750.0,20.0,1500.0,1500,1500.0,1.0,40.0,0.25
4363,87130.0,-0.31100845,Vp,15.0,20,750.0,20.0,1500.0,1500,1500.0,1.0,40.0,0.25
4364,87140.0,-0.5228653,Vp,15.0,20,750.0,20.0,1500.0,1500,1500.0,1.0,40.0,0.25
4365,87150.0,-0.3072052,Vp,15.0,20,750.0,20.0,1500.0,1500,1500.0,1.0,40.0,0.25
4366,87160.0,-0.13734818,Vp,15.0,20,750.0,20.0,1500.0,1500,1500.0,1.0,40.0,0.25
4367,87170.0,-0.37900925,Vp,15.0,20,750.0,20.0,1500.0,1500,1500.0,1.0,40.0,0.25
4368,87180.0,-0.62797165,Vp,15.0,20,750.0,20.0,1500.0,1500,1500.0,1.0,40.0,0.25
4369,87190.0,0.48718643,Vp,15.0,20,750.0,20.0,1500.0,1500,1500.0,1.0,40.0,0.25
4370,87200.0,5.340767,Vp,15.0,20,750.0,20.0,1500.0,1500,1500.0,1.0,40.0,0.25
4371,87210.0,6.81369,Vp,15.0,20,750.0,20.0,1500.0,1500,1500.0,1.0,40.0,0.25
4372,87220.0,5.832016,Vp,15.0,20,750.0,20.0,1500.0,1500,1500.0,1.0,40.0,0.25
4373,87230.0,4.579605,Vp,15.0,20,750.0,20.0,1500.0,1500,1500.0,1.0,40.0,0.25
4374,87240.0,3.5941467,Vp,15.0,20,750.0,20.0,1500.0,1500,1500.0,1.0,40.0,0.25
4375,87250.0,2.8950005,Vp,15.0,20,750.0,20.0,1500.0,1500,1500.0,1.0,40.0,0.25
4376,87260.0,2.4499855,Vp,15.0,20,750.0,20.0,1500.0,1500,1500.0,1.0,40.0,0.25
4377,87270.0,2.1158752,Vp,15.0,20,750.0,20.0,1500.0,1500,1500.0,1.0,40.0,0.25
4378,87280.0,1.9314957,Vp,15.0,20,750.0,20.0,1500.0,1500,1500.0,1.0,40.0,0.25
4379,87290.0,1.7782364,Vp,15.0,20,750.0,20.0,1500.0,1500,1500.0,1.0,40.0,0.25
4380,87300.0,1.6960106,Vp,15.0,20,750.0,20.0,1500.0,1500,1500.0,1.0,40.0,0.25
4381,87310.0,1.6176682,Vp,15.0,20,750.0,20.0,1500.0,1500,1500.0,1.0,40.0,0.25
4382,87320.0,1.5589828,Vp,15.0,20,750.0,20.0,1500.0,1500,1500.0,1.0,40.0,0.25
4383,87330.0,1.5183945,Vp,15.0,20,750.0,20.0,1500.0,1500,1500.0,1.0,40.0,0.25
4384,87340.0,1.465416,Vp,15.0,20,750.0,20.0,1500.0,1500,1500.0,1.0,40.0,0.25
4385,87350.0,1.439579,Vp,15.0,20,750.0,20.0,1500.0,1500,1500.0,1.0,40.0,0.25
4386,87360.0,1.4300613,Vp,15.0,20,750.0,20.0,1500.0,1500,1500.0,1.0,40.0,0.25
4387,87370.0,1.3893623,Vp,15.0,20,750.0,20.0,1500.0,1500,1500.0,1.0,40.0,0.25
4388,87380.0,1.3485451,Vp,15.0,20,750.0,20.0,1500.0,1500,1500.0,1.0,40.0,0.25
4389,87390.0,1.2873878,Vp,15.0,20,750.0,20.0,1500.0,1500,1500.0,1.0,40.0,0.25
4390,87400.0,1.225914,Vp,15.0,20,750.0,20.0,1500.0,1500,1500.0,1.0,40.0,0.25
4391,87410.0,1.2005386,Vp,15.0,20,750.0,20.0,1500.0,1500,1500.0,1.0,40.0,0.25
4392,87420.0,1.1334953,Vp,15.0,20,750.0,20.0,1500.0,1500,1500.0,1.0,40.0,0.25
4393,87430.0,1.0443192,Vp,15.0,20,750.0,20.0,1500.0,1500,1500.0,1.0,40.0,0.25
4394,87440.0,0.96364594,Vp,15.0,20,750.0,20.0,1500.0,1500,1500.0,1.0,40.0,0.25
4395,87450.0,0.8848343,Vp,15.0,20,750.0,20.0,1500.0,1500,1500.0,1.0,40.0,0.25
4396,87460.0,0.8027687,Vp,15.0,20,750.0,20.0,1500.0,1500,1500.0,1.0,40.0,0.25
4397,87470.0,0.644722,Vp,15.0,20,750.0,20.0,1500.0,1500,1500.0,1.0,40.0,0.25
4398,87480.0,0.5732155,Vp,15.0,20,750.0,20.0,1500.0,1500,1500.0,1.0,40.0,0.25
4399,87490.0,0.523613,Vp,15.0,20,750.0,20.0,1500.0,1500,1500.0,1.0,40.0,0.25
4400,87500.0,0.3761711,Vp,15.0,20,750.0,20.0,1500.0,1500,1500.0,1.0,40.0,0.25
4401,87510.0,0.23363495,Vp,15.0,20,750.0,20.0,1500.0,1500,1500.0,1.0,40.0,0.25
4402,87520.0,0.12883377,Vp,15.0,20,750.0,20.0,1500.0,1500,1500.0,1.0,40.0,0.25
4403,87530.0,0.13255692,Vp,15.0,20,750.0,20.0,1500.0,1500,1500.0,1.0,40.0,0.25
4404,87540.0,-0.012237549,Vp,15.0,20,750.0,20.0,1500.0,1500,1500.0,1.0,40.0,0.25
4405,87550.0,-0.11753845,Vp,15.0,20,750.0,20.0,1500.0,1500,1500.0,1.0,40.0,0.25
4406,87560.0,-0.19255447,Vp,15.0,20,750.0,20.0,1500.0,1500,1500.0,1.0,40.0,0.25
4407,87570.0,-0.20136642,Vp,15.0,20,750.0,20.0,1500.0,1500,1500.0,1.0,40.0,0.25
4408,87580.0,-0.18602371,Vp,15.0,20,750.0,20.0,1500.0,1500,1500.0,1.0,40.0,0.25
4409,87590.0,-0.15759659,Vp,15.0,20,750.0,20.0,1500.0,1500,1500.0,1.0,40.0,0.25
4410,87600.0,-0.1765747,Vp,15.0,20,750.0,20.0,1500.0,1500,1500.0,1.0,40.0,0.25
4411,87610.0,-0.20234299,Vp,15.0,20,750.0,20.0,1500.0,1500,1500.0,1.0,40.0,0.25
4412,87620.0,-0.38383865,Vp,15.0,20,750.0,20.0,1500.0,1500,1500.0,1.0,40.0,0.25
4413,87630.0,-0.3260193,Vp,15.0,20,750.0,20.0,1500.0,1500,1500.0,1.0,40.0,0.25
4414,87640.0,-0.23067093,Vp,15.0,20,750.0,20.0,1500.0,1500,1500.0,1.0,40.0,0.25
4415,87650.0,-0.29143524,Vp,15.0,20,750.0,20.0,1500.0,1500,1500.0,1.0,40.0,0.25
4416,87660.0,-0.29039,Vp,15.0,20,750.0,20.0,1500.0,1500,1500.0,1.0,40.0,0.25
4417,87670.0,-0.4559555,Vp,15.0,20,750.0,20.0,1500.0,1500,1500.0,1.0,40.0,0.25
4418,87680.0,-0.41757202,Vp,15.0,20,750.0,20.0,1500.0,1500,1500.0,1.0,40.0,0.25
4419,87690.0,-0.17440033,Vp,15.0,20,750.0,20.0,1500.0,1500,1500.0,1.0,40.0,0.25
4420,87700.0,-0.040977478,Vp,15.0,20,750.0,20.0,1500.0,1500,1500.0,1.0,40.0,0.25
4421,87710.0,-0.2999878,Vp,15.0,20,750.0,20.0,1500.0,1500,1500.0,1.0,40.0,0.25
4422,87720.0,-0.38644028,Vp,15.0,20,750.0,20.0,1500.0,1500,1500.0,1.0,40.0,0.25
4423,87730.0,-0.0525856,Vp,15.0,20,750.0,20.0,1500.0,1500,1500.0,1.0,40.0,0.25
4424,87740.0,-0.09024048,Vp,15.0,20,750.0,20.0,1500.0,1500,1500.0,1.0,40.0,0.25
4425,87750.0,-0.34361267,Vp,15.0,20,750.0,20.0,1500.0,1500,1500.0,1.0,40.0,0.25
4426,87760.0,-0.49423218,Vp,15.0,20,750.0,20.0,1500.0,1500,1500.0,1.0,40.0,0.25
4427,87770.0,-0.25398254,Vp,15.0,20,750.0,20.0,1500.0,1500,1500.0,1.0,40.0,0.25
4428,87780.0,-0.3166504,Vp,15.0,20,750.0,20.0,1500.0,1500,1500.0,1.0,40.0,0.25
4429,87790.0,-0.23125076,Vp,15.0,20,750.0,20.0,1500.0,1500,1500.0,1.0,40.0,0.25
4430,87800.0,-0.3947258,Vp,15.0,20,750.0,20.0,1500.0,1500,1500.0,1.0,40.0,0.25
4431,87810.0,-0.27904892,Vp,15.0,20,750.0,20.0,1500.0,1500,1500.0,1.0,40.0,0.25
4432,87820.0,-0.16781616,Vp,15.0,20,750.0,20.0,1500.0,1500,1500.0,1.0,40.0,0.25
4433,87830.0,-0.1546669,Vp,15.0,20,750.0,20.0,1500.0,1500,1500.0,1.0,40.0,0.25
4434,87840.0,-0.29792786,Vp,15.0,20,750.0,20.0,1500.0,1500,1500.0,1.0,40.0,0.25
4435,87850.0,-0.13155746,Vp,15.0,20,750.0,20.0,1500.0,1500,1500.0,1.0,40.0,0.25
4436,87860.0,-0.1618576,Vp,15.0,20,750.0,20.0,1500.0,1500,1500.0,1.0,40.0,0.25
4437,87870.0,-0.34521866,Vp,15.0,20,750.0,20.0,1500.0,1500,1500.0,1.0,40.0,0.25
4438,87880.0,-0.22356415,Vp,15.0,20,750.0,20.0,1500.0,1500,1500.0,1.0,40.0,0.25
4439,87890.0,0.07551575,Vp,15.0,20,750.0,20.0,1500.0,1500,1500.0,1.0,40.0,0.25
4440,87900.0,-0.3010788,Vp,15.0,20,750.0,20.0,1500.0,1500,1500.0,1.0,40.0,0.25
4441,87910.0,-0.21150208,Vp,15.0,20,750.0,20.0,1500.0,1500,1500.0,1.0,40.0,0.25
4442,87920.0,-0.16807175,Vp,15.0,20,750.0,20.0,1500.0,1500,1500.0,1.0,40.0,0.25
4443,87930.0,-0.29896545,Vp,15.0,20,750.0,20.0,1500.0,1500,1500.0,1.0,40.0,0.25
4444,87940.0,0.014308929,Vp,15.0,20,750.0,20.0,1500.0,1500,1500.0,1.0,40.0,0.25
4445,87950.0,-0.21912003,Vp,15.0,20,750.0,20.0,1500.0,1500,1500.0,1.0,40.0,0.25
4446,87960.0,-0.32486725,Vp,15.0,20,750.0,20.0,1500.0,1500,1500.0,1.0,40.0,0.25
4447,87970.0,-0.24185562,Vp,15.0,20,750.0,20.0,1500.0,1500,1500.0,1.0,40.0,0.25
4448,87980.0,-0.047969818,Vp,15.0,20,750.0,20.0,1500.0,1500,1500.0,1.0,40.0,0.25
4449,87990.0,-0.030132294,Vp,15.0,20,750.0,20.0,1500.0,1500,1500.0,1.0,40.0,0.25
4450,88000.0,-0.21574402,Vp,15.0,20,750.0,20.0,1500.0,1500,1500.0,1.0,40.0,0.25
4451,88010.0,-0.1812973,Vp,15.0,20,750.0,20.0,1500.0,1500,1500.0,1.0,40.0,0.25
4452,88020.0,-0.23691559,Vp,15.0,20,750.0,20.0,1500.0,1500,1500.0,1.0,40.0,0.25
4453,88030.0,-0.3773842,Vp,15.0,20,750.0,20.0,1500.0,1500,1500.0,1.0,40.0,0.25
4454,88040.0,-0.18156052,Vp,15.0,20,750.0,20.0,1500.0,1500,1500.0,1.0,40.0,0.25
4455,88050.0,-0.063899994,Vp,15.0,20,750.0,20.0,1500.0,1500,1500.0,1.0,40.0,0.25
4456,88060.0,-0.20707703,Vp,15.0,20,750.0,20.0,1500.0,1500,1500.0,1.0,40.0,0.25
4457,88070.0,-0.22864151,Vp,15.0,20,750.0,20.0,1500.0,1500,1500.0,1.0,40.0,0.25
4458,88080.0,-0.21178055,Vp,15.0,20,750.0,20.0,1500.0,1500,1500.0,1.0,40.0,0.25
4459,88090.0,-0.32723618,Vp,15.0,20,750.0,20.0,1500.0,1500,1500.0,1.0,40.0,0.25
4460,88100.0,-0.46484756,Vp,15.0,20,750.0,20.0,1500.0,1500,1500.0,1.0,40.0,0.25
4461,88110.0,-0.41218567,Vp,15.0,20,750.0,20.0,1500.0,1500,1500.0,1.0,40.0,0.25
4462,88120.0,-0.14192581,Vp,15.0,20,750.0,20.0,1500.0,1500,1500.0,1.0,40.0,0.25
4463,88130.0,-0.26200485,Vp,15.0,20,750.0,20.0,1500.0,1500,1500.0,1.0,40.0,0.25
4464,88140.0,-0.24311447,Vp,15.0,20,750.0,20.0,1500.0,1500,1500.0,1.0,40.0,0.25
4465,88150.0,-0.4295807,Vp,15.0,20,750.0,20.0,1500.0,1500,1500.0,1.0,40.0,0.25
4466,88160.0,-0.2857895,Vp,15.0,20,750.0,20.0,1500.0,1500,1500.0,1.0,40.0,0.25
4467,88170.0,-0.2550354,Vp,15.0,20,750.0,20.0,1500.0,1500,1500.0,1.0,40.0,0.25
4468,88180.0,-0.324234,Vp,15.0,20,750.0,20.0,1500.0,1500,1500.0,1.0,40.0,0.25
4469,88190.0,-0.15561295,Vp,15.0,20,750.0,20.0,1500.0,1500,1500.0,1.0,40.0,0.25
4470,88200.0,-0.20876312,Vp,15.0,20,750.0,20.0,1500.0,1500,1500.0,1.0,40.0,0.25
4471,88210.0,-0.41781998,Vp,15.0,20,750.0,20.0,1500.0,1500,1500.0,1.0,40.0,0.25
4472,88220.0,-0.10420227,Vp,15.0,20,750.0,20.0,1500.0,1500,1500.0,1.0,40.0,0.25
4473,88230.0,-0.4393463,Vp,15.0,20,750.0,20.0,1500.0,1500,1500.0,1.0,40.0,0.25
4474,88240.0,-0.34130096,Vp,15.0,20,750.0,20.0,1500.0,1500,1500.0,1.0,40.0,0.25
4475,88250.0,0.026699066,Vp,15.0,20,750.0,20.0,1500.0,1500,1500.0,1.0,40.0,0.25
4476,88260.0,-0.29076385,Vp,15.0,20,750.0,20.0,1500.0,1500,1500.0,1.0,40.0,0.25
4477,88270.0,-0.41867828,Vp,15.0,20,750.0,20.0,1500.0,1500,1500.0,1.0,40.0,0.25
4478,88280.0,-0.11116409,Vp,15.0,20,750.0,20.0,1500.0,1500,1500.0,1.0,40.0,0.25
4479,88290.0,-0.3628502,Vp,15.0,20,750.0,20.0,1500.0,1500,1500.0,1.0,40.0,0.25
4480,88300.0,-0.34084702,Vp,15.0,20,750.0,20.0,1500.0,1500,1500.0,1.0,40.0,0.25
4481,88310.0,-0.31824875,Vp,15.0,20,750.0,20.0,1500.0,1500,1500.0,1.0,40.0,0.25
4482,88320.0,-0.49829865,Vp,15.0,20,750.0,20.0,1500.0,1500,1500.0,1.0,40.0,0.25
4483,88330.0,-0.24104309,Vp,15.0,20,750.0,20.0,1500.0,1500,1500.0,1.0,40.0,0.25
4484,88340.0,-0.32017136,Vp,15.0,20,750.0,20.0,1500.0,1500,1500.0,1.0,40.0,0.25
4485,88350.0,-0.5961952,Vp,15.0,20,750.0,20.0,1500.0,1500,1500.0,1.0,40.0,0.25
4486,88360.0,-0.414711,Vp,15.0,20,750.0,20.0,1500.0,1500,1500.0,1.0,40.0,0.25
4487,88370.0,-0.26449585,Vp,15.0,20,750.0,20.0,1500.0,1500,1500.0,1.0,40.0,0.25
4488,88380.0,-0.28479767,Vp,15.0,20,750.0,20.0,1500.0,1500,1500.0,1.0,40.0,0.25
4489,88390.0,-0.15355682,Vp,15.0,20,750.0,20.0,1500.0,1500,1500.0,1.0,40.0,0.25
4490,88400.0,-0.36825562,Vp,15.0,20,750.0,20.0,1500.0,1500,1500.0,1.0,40.0,0.25
4491,88410.0,-0.3844452,Vp,15.0,20,750.0,20.0,1500.0,1500,1500.0,1.0,40.0,0.25
4492,88420.0,-0.5106621,Vp,15.0,20,750.0,20.0,1500.0,1500,1500.0,1.0,40.0,0.25
4493,88430.0,-0.3625908,Vp,15.0,20,750.0,20.0,1500.0,1500,1500.0,1.0,40.0,0.25
4494,88440.0,-0.43698883,Vp,15.0,20,750.0,20.0,1500.0,1500,1500.0,1.0,40.0,0.25
4495,88450.0,-0.34300995,Vp,15.0,20,750.0,20.0,1500.0,1500,1500.0,1.0,40.0,0.25
4496,88460.0,-0.287529,Vp,15.0,20,750.0,20.0,1500.0,1500,1500.0,1.0,40.0,0.25
4497,88470.0,-0.229496,Vp,15.0,20,750.0,20.0,1500.0,1500,1500.0,1.0,40.0,0.25
4498,88480.0,-0.56144714,Vp,15.0,20,750.0,20.0,1500.0,1500,1500.0,1.0,40.0,0.25
4499,88490.0,-0.3312683,Vp,15.0,20,750.0,20.0,1500.0,1500,1500.0,1.0,40.0,0.25
4500,88500.0,-0.16787338,Vp,15.0,20,750.0,20.0,1500.0,1500,1500.0,1.0,40.0,0.25
4501,88510.0,-0.3563347,Vp,15.0,20,750.0,20.0,1500.0,1500,1500.0,1.0,40.0,0.25
4502,88520.0,-0.50821686,Vp,15.0,20,750.0,20.0,1500.0,1500,1500.0,1.0,40.0,0.25
4503,88530.0,-0.41526031,Vp,15.0,20,750.0,20.0,1500.0,1500,1500.0,1.0,40.0,0.25
4504,88540.0,-0.25894928,Vp,15.0,20,750.0,20.0,1500.0,1500,1500.0,1.0,40.0,0.25
4505,88550.0,-0.29644775,Vp,15.0,20,750.0,20.0,1500.0,1500,1500.0,1.0,40.0,0.25
4506,88560.0,-0.38630295,Vp,15.0,20,750.0,20.0,1500.0,1500,1500.0,1.0,40.0,0.25
4507,88570.0,-0.494133,Vp,15.0,20,750.0,20.0,1500.0,1500,1500.0,1.0,40.0,0.25
4508,88580.0,-0.41488647,Vp,15.0,20,750.0,20.0,1500.0,1500,1500.0,1.0,40.0,0.25
4509,88590.0,-0.5899849,Vp,15.0,20,750.0,20.0,1500.0,1500,1500.0,1.0,40.0,0.25
4510,88600.0,-0.13484192,Vp,15.0,20,750.0,20.0,1500.0,1500,1500.0,1.0,40.0,0.25
4511,88610.0,0.016338348,Vp,15.0,20,750.0,20.0,1500.0,1500,1500.0,1.0,40.0,0.25
4512,88620.0,-0.35471725,Vp,15.0,20,750.0,20.0,1500.0,1500,1500.0,1.0,40.0,0.25
4513,88630.0,-0.44496155,Vp,15.0,20,750.0,20.0,1500.0,1500,1500.0,1.0,40.0,0.25
4514,88640.0,-0.410717,Vp,15.0,20,750.0,20.0,1500.0,1500,1500.0,1.0,40.0,0.25
4515,88650.0,-0.4182663,Vp,15.0,20,750.0,20.0,1500.0,1500,1500.0,1.0,40.0,0.25
4516,88660.0,-0.27632904,Vp,15.0,20,750.0,20.0,1500.0,1500,1500.0,1.0,40.0,0.25
4517,88670.0,-0.34573746,Vp,15.0,20,750.0,20.0,1500.0,1500,1500.0,1.0,40.0,0.25
4518,88680.0,-0.36849213,Vp,15.0,20,750.0,20.0,1500.0,1500,1500.0,1.0,40.0,0.25
4519,88690.0,-0.4823532,Vp,15.0,20,750.0,20.0,1500.0,1500,1500.0,1.0,40.0,0.25
